48
49
145532
147273
163131
164865
164983
165792
165998
166105
166507
166597
166959
167821
173295
173377
173444
173465
173466
173717
173800
173832
173884
174030
174053
174116
174198
174270
174293
174304
174313
175209
175720
176205
176339
177345
178106
178855
179753
179865
179873
179880
179890
180686
183765
186101
186124
186165
186218
186309
186398
186447
187254
187323
188070
188246
188782
190336
190438
190874
191162
191164
191442
193322
193616
194251
194744
194871
194886
195837
195922
196247
196476
196594
197774
197841
197910
197942
197945
197988
198136
198138
198575
198723
198743
198845
198893
198938
198995
199021
199040
201552
207139
207421
208420
208470
208471
208599
208636
208773
208775
209227
209246
209251
209279
209282
209291
209322
209329
209338
209349
209357
209358
209364
209376
209426
209441
209450
209551
209616
209646
209653
209663
209665
209667
209700
209709
209715
209761
209797
209805
209857
209859
209863
209882
209914
209924
209955
209957
209986
209992
210009
210013
210031
210033
210053
210083
210084
210093
210165
210170
210190
210200
210201
210240
210266
210277
210282
210321
210332
210346
210359
210384
210393
210415
210433
210437
210453
210470
210474
210485
210496
210503
210505
210541
210542
210550
210557
210566
210598
210603
210612
210645
210647
210704
210708
210717
210719
210729
210733
210766
210796
210824
210856
210883
210892
210897
210900
210912
210918
210928
210929
210943
210951
210956
210964
211020
211042
211044
211054
211089
211110
211123
211148
211152
211154
211159
211183
211189
211197
211205
211214
211215
211223
211236
211237
211250
211256
211267
211304
211319
211320
211335
211339
211348
211354
211360
211372
211374
211375
211387
211399
211402
211410
211428
211430
211450
211454
211500
211559
211568
211571
211591
211623
211627
211637
211640
211676
211704
211731
211761
211768
211784
211788
211805
211851
211852
211862
211880
211974
211979
212019
212099
212110
213587
213628
213743
213770
213790
213807
213886
213903
213932
213935
213995
214000
214027
214028
214037
214070
214101
214116
214136
214144
214149
214186
214192
214193
214217
214259
214260
214275
214280
214292
214303
215099
215105
215315
215322
215720
215854
215934
215952
215992
215996
218246
218277
218663
219591
219648
219730
219998
223971
224552
225572
225585
225658
225694
225714
225782
225845
225848
225851
225852
225856
225858
225859
225864
225866
225874
225876
225890
225894
225900
225901
225902
225912
225915
225917
225921
225926
225933
225935
225936
225942
225947
225950
225959
229028
229031
229511
229656
229682
229704
229806
229822
229943
229965
229997
230032
230055
230066
230123
230182
230217
230265
230286
230311
230318
230346
230357
230398
230429
230437
230476
230498
230505
230515
230550
230659
230767
231177
231191
231389
231392
231421
231452
231465
231469
231596
231603
231663
233180
233195
233558
233743
233749
233764
233783
233813
233840
233848
233879
233887
233924
233943
233994
234048
234066
234100
234136
234162
234168
234172
234218
234223
234254
234262
234266
234275
234328
234339
234348
234376
234379
234388
234424
234454
234467
234488
234495
234569
234578
234583
234602
234610
234611
234617
234628
234633
234641
234702
234723
234724
234727
234738
234751
234752
234755
234769
234846
234850
234857
234862
234881
234883
234930
234938
234939
234943
234969
235005
235010
235024
235034
235041
235050
235060
235098
235106
235116
235132
235893
235906
235921
235982
236101
236165
236194
236334
236394
236610
236876
236877
237274
237298
237323
237351
237352
237373
237374
237379
237386
237400
237538
237606
237631
237672
237680
237703
237782
237800
237807
237877
237883
237905
237920
237931
238102
238241
238305
238311
238371
238421
238439
238448
238649
238660
238703
238718
238749
238787
238873
238890
238923
238958
239000
239075
239097
239122
239156
239164
239277
239300
239413
239429
239469
239493
239528
239607
239663
239687
239711
239731
239777
240701
240871
241020
241132
241262
241428
241508
241526
241530
242383
242748
242772
242773
242807
242854
242865
242876
242908
242927
242969
242970
242978
242997
243107
243119
243120
243162
243164
243181
243194
243205
243235
243261
243291
243317
243326
243365
243442
243545
243561
243573
243584
243586
243608
243625
243634
243636
243666
243699
243719
243720
243724
243734
243739
243744
243747
243753
243763
243768
243776
243779
243782
243786
243799
243804
243805
243811
243854
243859
243873
243874
243892
243918
243933
243975
244003
244004
244009
244013
244014
244015
244019
244068
244102
244119
244120
244129
244141
244144
244148
244149
244160
244161
244207
244219
244221
244231
244233
244238
244252
244260
244275
244348
244366
244415
244418
244493
244497
244506
244531
244554
244580
244588
244590
244596
244598
244613
244624
244640
244644
244645
244653
244674
244677
244678
244682
244692
244698
244707
244711
244720
244727
244733
244742
244747
244755
244756
244763
244764
244773
244780
244783
244945
244951
244979
245055
245058
245241
245263
245319
245322
245324
245449
245454
245461
245464
245465
245491
245495
245501
245515
245525
245551
245556
245563
245567
245576
245583
245601
245634
245635
245640
245642
245646
245649
245661
245663
245670
245680
245689
245869
245932
245943
245952
245953
245967
245974
245978
245979
245982
245984
245990
246003
246014
246030
246032
246051
246052
246072
246075
246085
246108
246124
246230
246254
246906
247400
247463
247704
248615
248681
248702
248955
248987
249674
250827
251011
251098
251558
251958
252228
252238
252255
252844
252933
252976
253309
253644
253710
254018
254182
254198
254517
254608
254654
254812
254999
255504
255641
256110
256134
256190
256391
259176
264279
265071
265550
267688
269248
271033
271409
273149
273432
273452
273597
273607
273648
273689
273895
274086
274101
274187
274211
274251
274343
274364
274442
274478
274496
274537
274702
274844
274863
274982
275262
275381
275385
275390
275553
275790
276090
276213
276478
276489
276571
276580
276609
276634
276669
276671
276702
276710
276738
277029
277070
277106
277207
277245
277251
277264
277293
277320
277376
277380
277392
277400
277412
277453
277487
277501
277551
277578
277590
277618
277624
277634
277637
277661
277668
277694
277873
278059
278075
278076
278116
278147
278152
278168
278184
278189
278209
278221
278228
278241
278288
278297
278302
278310
278315
278329
278333
278334
278344
278361
278369
278376
278382
278386
278402
278415
278419
278427
278443
278460
278462
278466
278478
278504
278505
278627
278677
278689
278718
278722
278725
278741
278749
278818
278843
278857
278858
278867
278893
278909
278926
278938
278944
278947
278955
278965
279063
279072
279081
279082
279091
279099
279112
279164
279226
279238
279253
279260
279275
279305
279420
279428
279441
279443
279462
279502
279660
279776
279863
279867
279875
279913
279926
279949
279950
279951
279980
279986
280028
280095
280125
280132
280168
280185
280198
280202
280203
280222
280225
280275
280307
280326
280740
283270
283298
283356
283365
283381
283451
283453
283531
283573
283575
283576
283587
283591
283606
283700
283717
283719
283722
283728
283736
283743
283744
283748
283749
283751
283764
283769
283771
283775
283778
283781
283790
283792
283793
283802
283804
283818
283824
283828
283836
283844
283845
283851
283856
283859
283861
283866
283882
283890
283893
283894
283899
283905
283911
283913
283917
283926
283944
283947
283952
283953
283972
283981
283986
283989
283994
283996
284001
284005
284015
284017
284031
284094
284107
284118
284125
284126
284131
284228
284229
284264
284270
284282
284302
284331
284345
284364
284381
284384
284408
284434
284436
284440
284442
284449
284463
284472
284474
284482
284499
284500
284541
284543
284549
284651
284841
284851
284998
285054
285068
285206
285225
285235
285247
285248
285251
285252
285613
285619
285704
285813
285852
285853
285912
285958
285964
286112
286118
286121
286128
286216
286240
286249
286253
286260
286290
286345
286383
286500
286531
286577
286611
286612
286639
286664
286673
286683
286713
286777
286840
286868
286880
286899
286914
286934
286970
286972
286998
287026
287060
287115
287117
287124
287139
287169
287171
287185
287227
287238
287243
287255
287271
287292
287305
287311
287321
287338
287348
287361
287407
287410
287456
287465
287706
287971
288129
288153
288167
288367
289049
289092
289411
289436
289439
289482
289486
289539
289544
289594
289662
289900
289911
289917
289941
289972
289980
289984
289987
289994
289995
289998
290010
290011
290022
290024
290028
290035
290042
290067
290085
290094
290110
290111
290114
290136
290150
290201
290211
290214
290229
290230
290250
290259
290284
290299
290319
290322
290328
290331
290340
290342
290350
290352
290366
290374
290395
290420
290421
290423
290448
290475
290492
290495
290496
290513
290532
290549
290554
290648
290696
290699
290701
290736
290744
290761
290804
290837
290839
290901
290923
290933
290934
290940
290941
290953
290954
290956
290960
290963
290965
290966
290971
290972
290981
290983
290988
290989
290990
290998
291004
291012
291016
291018
291023
291027
291053
291057
291064
291131
291136
291141
291146
291183
291207
291216
291270
291292
291354
291380
291396
291457
291506
291552
291562
291576
291588
291589
291627
291653
291667
291682
291705
291709
291785
291796
291813
291814
291832
291837
291894
291938
291981
291990
292004
292112
292192
292264
292268
292271
292312
292324
292383
292429
292431
292432
292435
292441
292460
292480
292481
292483
292491
292506
292519
292522
292525
292532
292533
292556
292571
292579
292583
292586
292590
292591
292594
292602
292615
292628
292651
292657
292660
292692
292724
292726
292751
293368
294223
294490
294621
294887
295067
295149
295415
295653
295696
295867
296176
296218
296260
296428
296562
296669
296688
296732
297352
297391
297469
297708
297892
298083
298375
298506
298546
298664
298711
298752
298782
300802
301579
301974
302692
305127
305224
306509
306752
306932
306981
307184
307192
307256
307325
307337
307391
307414
307447
307451
307605
308015
308031
308132
308372
308446
308461
308604
308638
308646
308673
308713
308719
308805
308806
308810
308823
308835
308855
308895
308903
308907
308909
308931
308933
308973
308984
308989
308991
309172
309203
309211
309218
309222
309253
309259
309261
309264
309276
309285
309290
309296
309300
309302
309310
309314
309325
309335
309346
309347
309350
309360
309373
309447
309451
309465
309469
309476
309487
309491
309508
309603
309661
309664
309669
309673
309721
309738
309744
309746
309748
309750
309753
309762
309787
309821
309859
309977
309993
310028
310050
310059
310094
310106
310121
310132
310134
310162
310195
310199
310327
310330
310387
310457
310466
310550
310566
310586
310647
310654
310684
310689
310696
310703
310708
310711
310718
310724
310725
310742
310749
310762
310765
310769
310777
310792
310828
310848
310874
310875
310881
310883
310911
310914
310916
310922
311023
311108
311275
311322
311329
311370
311414
311425
311428
311484
311513
311528
311551
311600
311657
311707
311721
311722
311788
311792
311856
311868
311918
311969
311991
312116
312133
312176
312195
312283
312332
312358
312377
312391
312461
312470
312471
312474
312483
312514
312530
312565
312595
312913
313163
313257
313306
313330
313442
313771
313779
313827
314154
314287
314339
314414
314417
314442
314466
314475
314500
314557
314576
314597
314603
314622
314642
314643
314650
314672
314695
314699
314706
314716
314722
314724
314760
314775
314783
314785
314786
314787
314790
314804
314810
314821
314859
314881
314882
314884
314895
314915
314925
314965
314975
314998
315007
315022
315023
315024
315043
315105
315122
315149
315166
315173
315186
315194
315199
315219
315223
315224
315233
315240
315253
315257
315268
315272
315273
315278
315286
315309
315313
315328
315353
315380
315416
315428
315482
315484
315514
315702
315725
315859
315868
315963
316022
316036
316078
316082
316111
316113
316522
316541
316602
316615
316659
316679
316680
316691
316696
316725
316727
316747
316753
316755
316778
316786
316792
316796
316811
316823
316870
316874
316884
316887
316888
316924
316961
316985
317001
317569
317582
317987
318082
318255
318514
318593
319305
319853
319918
321097
321128
321164
321298
323347
324651
325489
325547
325813
325816
325844
325859
325898
325944
326216
326360
326465
326636
326727
326758
326759
326764
326765
326872
326875
326965
326967
326988
327023
327031
327040
327062
327090
327100
327103
327126
327146
327202
327233
327271
327293
327300
327325
327361
327457
327536
327549
327582
327609
327754
327813
327829
327834
327835
327836
327858
327885
327897
327900
327927
327930
327931
327944
327953
327967
327970
328019
328083
328227
328273
328303
328357
328380
328723
328826
328865
328908
328987
329066
329229
329366
329403
329467
329503
329866
330572
330664
330797
330885
330901
330902
330910
330926
330975
330989
331008
331025
331031
331041
331055
331102
331144
331167
331172
331178
331198
331308
331327
331333
331481
331591
331904
332027
332039
332583
332712
332733
332734
332744
332767
332792
332839
332852
332860
332904
332957
332982
332992
333114
333629
334785
335184
335230
335333
335700
337024
338307
338352
338529
338825
339082
339129
339153
339226
339262
339266
339283
339287
339289
339304
339326
339406
339420
339422
339462
339465
339518
339680
339681
339688
339702
339735
339755
339757
339761
339766
339772
339793
339823
339889
340051
340363
340550
340632
340710
340727
340796
340816
340913
340917
340959
340963
340974
341829
341869
341885
342114
342142
342199
342215
342219
342260
342292
342304
342327
342386
342391
342399
342418
342422
342777
342854
342967
343017
343021
343396
343477
343538
343603
343608
343612
343615
343616
343641
343676
343693
343703
343714
343715
343717
343722
343835
343955
344084
344356
345380
345594
345695
346489
347093
347324
347607
347648
347674
347743
347758
347782
347794
347795
347800
347801
347882
347887
347911
347989
348553
348572
348881
349507
349579
349608
349682
349700
349854
349855
349869
349943
350165
350189
350331
350354
350781
350799
350878
350904
350907
351259
351776
351896
352028
352293
352379
353201
353580
353733
353738
353742
353744
353747
353757
353764
353777
353855
354410
354855
354935
354944
355064
355110
355176
355198
355205
355223
355283
355591
355646
355712
355840
355920
355976
356003
356007
356040
356042
356240
356615
356865
356898
357193
357196
357568
357691
358049
358564
358899
358950
359036
359059
359132
359364
359587
359659
359805
360153
360401
361056
361181
361512
361806
361824
361845
361939
361941
362436
362676
363333
363601
364238
365192
365596
366148
366351
366597
367364
367645
368040
368580
368604
368988
368993
369193
369195
370650
370888
371564
371701
372448
372934
372960
373852
375264
376586
376648
376851
377123
377159
378299
378600
379309
381117
381771
382211
383241
384726
385683
386742
387084
387657
387780
391297
391562
391563
391774
392488
392884
393061
393199
393371
393942
396540
397467
397468
401557
403083
404072
404996
405142
407002
411895
413022
413593
413962
419570
420419
421597
423012
423280
430109
431024
434185
449145
460111
462876
463148
469557
471122
471125