chrom	start	end	mean.x	mean.y	fmnorm
112	NC_006088.5	100970000	100980000	23.7	63.89	1.68302435512739
329	NC_006088.5	102920000	102930000	18.79	53.04	1.74943698331103
525	NC_006088.5	104690000	104700000	0	0.01	Inf
530	NC_006088.5	104730000	104740000	0.01	0.38	5.50024878806209
531	NC_006088.5	104740000	104750000	4.03	7.57	1.16183473607626
900	NC_006088.5	108060000	108070000	19.48	49.26	1.59074422503512
1442	NC_006088.5	112940000	112950000	20.35	43.24	1.33965900319954
1632	NC_006088.5	114650000	114660000	1.27	4.98	2.22363851991442
1772	NC_006088.5	115910000	115920000	0.01	0.21	4.64463869739726
7121	NC_006088.5	164050000	164060000	22.04	37.46	1.01754795029039
7914	NC_006088.5	171190000	171200000	1.74	5.92	2.01883114439872
8017	NC_006088.5	172110000	172120000	17.37	78.93	2.43629726979515
8149	NC_006088.5	173300000	173310000	0.79	3.47	2.38733237901966
8150	NC_006088.5	173310000	173320000	1.92	4.34	1.42891000634182
8151	NC_006088.5	173320000	173330000	0.41	0.79	1.19855001817752
8891	NC_006088.5	180000	190000	10.59	17.79	1.00068519589332
10002	NC_006088.5	190000	200000	10.29	17.77	1.04052197375321
10456	NC_006088.5	194070000	194080000	19.55	33.97	1.04941388530299
10457	NC_006088.5	194080000	194090000	0.08	27.35	8.66964639229842
10458	NC_006088.5	194090000	194100000	0.03	39.78	10.6251863347311
10460	NC_006088.5	194100000	194110000	0.06	22.44	8.79921573450614
10461	NC_006088.5	194110000	194120000	0	7.1	Inf
10462	NC_006088.5	194120000	194130000	0.01	12.8	10.5742493695059
10463	NC_006088.5	194130000	194140000	0	5.96	Inf
10464	NC_006088.5	194140000	194150000	3.85	7.97	1.30204255302671
10474	NC_006088.5	194230000	194240000	24.02	41.91	1.05537964504349
10783	NC_006088.5	197010000	197020000	3.25	6	1.13684405719856
11005	NC_006088.5	21160000	21170000	19.97	34.23	1.02974823418437
11430	NC_006088.5	250000	260000	11.16	23.63	1.33460387676316
12140	NC_006088.5	31380000	31390000	25.4	123.64	2.5355664318172
12366	NC_006088.5	33410000	33420000	20.42	116.72	2.76731829165859
15558	NC_006088.5	62140000	62150000	4.71	12.72	1.68562098029007
17109	NC_006088.5	76100000	76110000	0.02	0.09	2.42224627606081
17129	NC_006088.5	76290000	76300000	2.13	4.05	1.17938975216465
17989	NC_006088.5	84020000	84030000	4.7	8.25	1.06405463718668
17998	NC_006088.5	84100000	84110000	1.5	13.43	3.41474617355006
17999	NC_006088.5	84110000	84120000	0.06	35.43	9.45811452401566
18000	NC_006088.5	84120000	84130000	0.07	26.46	8.81456369883957
18001	NC_006088.5	84130000	84140000	0.07	15.74	8.06518617806838
18002	NC_006088.5	84140000	84150000	0	2.82	Inf
18003	NC_006088.5	84150000	84160000	0.03	3.01	6.90097845065705
18015	NC_006088.5	84260000	84270000	17.28	33.64	1.21339576271018
18503	NC_006088.5	88660000	88670000	1.93	4.76	1.55468200065836
18761	NC_006088.5	90980000	90990000	13.89	24.52	1.07223365432789
28884	NC_006089.5	47360000	47370000	24.48	78.99	1.94238773869307
29083	NC_006089.5	49150000	49160000	21.33	46.26	1.36920257491412
29955	NC_006089.5	5700000	5710000	20.42	51.8	1.59529050631461
30858	NC_006089.5	65120000	65130000	10.82	144.46	3.99121894583284
31918	NC_006089.5	74670000	74680000	23.12	46.62	1.26412888124669
33228	NC_006089.5	86460000	86470000	19.68	50.31	1.60643624356476
34805	NC_006090.5	100630000	100640000	23.21	67.16	1.78517698221105
34808	NC_006090.5	100660000	100670000	21.99	49.03	1.40913843204922
35307	NC_006090.5	105150000	105160000	0.75	12.34	4.29262926327204
35308	NC_006090.5	105160000	105170000	0.07	36.61	9.28298841086544
37596	NC_006090.5	26000000	26010000	5.48	11.94	1.37587631292278
42833	NC_006090.5	73140000	73150000	5.43	12.16	1.41544040025772
42859	NC_006090.5	73380000	73390000	20.34	37.03	1.11669614493263
47261	NC_006091.5	230000	240000	16.66	48.98	1.80812564781693
49395	NC_006091.5	4220000	4230000	15.24	41.9	1.71140861571189
51135	NC_006091.5	57870000	57880000	18.91	33.92	1.09530808123194
54244	NC_006091.5	85850000	85860000	4.16	7.02	1.00720877678197
55740	NC_006092.5	17110000	17120000	1.11	1.9	1.02776101659934
60964	NC_006093.5	1030000	1040000	2.38	4.25	1.08882254233562
62135	NC_006093.5	20840000	20850000	1.18	2.13	1.1043878454825
62142	NC_006093.5	20900000	20910000	2.03	4.63	1.44185374069356
62143	NC_006093.5	20910000	20920000	0.81	1.6	1.23439936662124
62145	NC_006093.5	20930000	20940000	1.02	1.9	1.14975154097795
64178	NC_006093.5	650000	660000	2.29	4.1	1.092597586027
64200	NC_006093.5	670000	680000	2.06	5.12	1.56582074743528
64211	NC_006093.5	680000	690000	0.25	0.54	1.36335258700724
64222	NC_006093.5	690000	700000	1.14	3.37	1.81603604163562
64234	NC_006093.5	700000	710000	2.29	13.67	2.82991501412762
64256	NC_006093.5	720000	730000	5.05	10.73	1.33961605773587
64345	NC_006093.5	800000	810000	14.37	29.03	1.26680578478783
64356	NC_006093.5	810000	820000	5.82	11.24	1.20187225193114
64367	NC_006093.5	820000	830000	1.77	6.72	2.17703314731426
64378	NC_006093.5	830000	840000	2.43	9.32	2.191694915667
64400	NC_006093.5	850000	860000	0.53	2.52	2.50168074355522
64411	NC_006093.5	860000	870000	2.29	4.61	1.26174042695089
64467	NC_006093.5	910000	920000	5.65	12.64	1.41399496549305
64478	NC_006093.5	920000	930000	3.19	7.49	1.48373056931238
64566	NC_006094.5	0	10000	0.18	56.38	8.54336403574661
64567	NC_006094.5	10000	20000	8.35	16.39	1.22528902635654
67575	NC_006094.5	40000	50000	33.41	76.69	1.45107976157774
68393	NC_006095.5	11340000	11350000	28.66	53.04	1.14036344046894
68394	NC_006095.5	11350000	11360000	30.5	78.99	1.62518205404811
69242	NC_006095.5	190000	200000	0.01	7.1	9.72399648901054
69354	NC_006095.5	200000	210000	0.07	20.09	8.41722820129419
69909	NC_006095.5	250000	260000	1.46	2.73	1.15525385665834
70353	NC_006095.5	290000	300000	0.92	2.15	1.47695216815095
71093	NC_006095.5	8460000	8470000	40.15	75.73	1.1677862155858
71184	NC_006095.5	9280000	9290000	19.28	39.13	1.27349133328933
71288	NC_006096.5	1020000	1030000	1.71	2.91	1.01934410264089
71310	NC_006096.5	1040000	1050000	0.91	1.7	1.15391757055751
71321	NC_006096.5	1050000	1060000	1.86	3.8	1.28301807184142
71354	NC_006096.5	1080000	1090000	1.7	2.98	1.06209885894296
72838	NC_006096.5	24150000	24153086	0	0.03	Inf
73591	NC_006096.5	920000	930000	2.86	6.55	1.44780103426492
73646	NC_006096.5	970000	980000	1.22	2.36	1.20422698641746
73657	NC_006096.5	980000	990000	2.12	4.54	1.35094930734622
75636	NC_006097.5	860000	870000	1.04	1.84	1.07544351253442
77006	NC_006098.5	2730000	2740000	0.38	0.79	1.30817450935202
81769	NC_006101.5	10000	20000	25.18	53.34	1.33526081645041
81881	NC_006101.5	110000	120000	6.47	11.3	1.05680642992854
82454	NC_006101.5	16150000	16160000	5.24	11.14	1.34043179042108
82455	NC_006101.5	16160000	16170000	4.86	10.64	1.38279120651391
82458	NC_006101.5	16190000	16200000	0.12	0.22	1.12679039253464
82502	NC_006101.5	20000	30000	2.48	4.79	1.20200680996781
82625	NC_006101.5	310000	320000	59.61	120.24	1.26461191056404
82636	NC_006101.5	320000	330000	37.89	66.59	1.06580967492695
82724	NC_006101.5	40000	50000	1.68	3.99	1.50024878806209
82835	NC_006101.5	50000	60000	1.79	4.56	1.60139551151899
83057	NC_006101.5	70000	80000	2.99	7.93	1.65949665612437
83168	NC_006101.5	80000	90000	4.2	7.47	1.08304018974161
83279	NC_006101.5	90000	100000	6.5	14.11	1.37052763929995
84744	NC_006103.5	1400000	1410000	0.02	0.04	1.2523212746185
90851	NC_006110.5	0	10000	196.56	394.33	1.2567549843738
90994	NC_006110.5	2270000	2280000	6.12	10.49	1.02973239450312
92070	NC_006111.5	6420000	6430000	0.82	2.01	1.54582096117935
92199	NC_006112.4	1730000	1740000	1.36	2.87	1.32976536004385
93021	NC_006113.5	5540000	5550000	2.47	5.57	1.42548756037385
93121	NC_006114.5	0	10000	0.27	4.18	4.20479290453591
93122	NC_006114.5	10000	20000	0.05	3.35	6.31841046507627
93190	NC_006114.5	1600000	1610000	15.31	32.07	1.31907134556036
93217	NC_006114.5	1850000	1860000	18.4	32.28	1.06325608695191
93233	NC_006114.5	20000	30000	0.12	4.05	5.32913687166933
93236	NC_006114.5	2010000	2020000	8.98	17.76	1.23616550622746
93241	NC_006114.5	2060000	2070000	15.19	33.2	1.3803826463507
93242	NC_006114.5	2070000	2080000	20.79	35.36	1.01854979115156
93344	NC_006114.5	30000	40000	0.51	5.04	3.55717585614692
93444	NC_006114.5	390000	400000	0.11	0.2	1.11481775086857
93455	NC_006114.5	40000	50000	1.28	5.03	2.22673586442403
93566	NC_006114.5	50000	60000	0.38	4.88	3.9351310987378
93622	NC_006114.5	550000	560000	1.11	4.28	2.19937239466954
93633	NC_006114.5	560000	570000	7.99	19.81	1.56228274658001
93644	NC_006114.5	570000	580000	10.25	36.51	2.08498903366058
93655	NC_006114.5	580000	590000	15.1	51.24	2.01504320074771
93666	NC_006114.5	590000	600000	4.32	16.04	2.14489219890995
93678	NC_006114.5	600000	610000	6.87	21.09	1.87049836559409
93689	NC_006114.5	610000	620000	0.63	3.15	2.57424936950586
93700	NC_006114.5	620000	630000	4.58	14.42	1.90697293576238
93711	NC_006114.5	630000	640000	1.54	5.59	2.11223920676679
93722	NC_006114.5	640000	650000	5.67	16.53	1.79598735896859
93733	NC_006114.5	650000	660000	5.64	28.22	2.57527219481697
93744	NC_006114.5	660000	670000	17.09	65.23	2.18470450612566
93755	NC_006114.5	670000	680000	7.7	37.69	2.54357271870059
93766	NC_006114.5	680000	690000	12.21	34.97	1.77037587032881
93777	NC_006114.5	690000	700000	6.65	31.24	2.48428948237193
93789	NC_006114.5	700000	710000	8.95	29.87	1.99105892477767
93800	NC_006114.5	710000	720000	5.59	27.71	2.56180779725673
93811	NC_006114.5	720000	730000	3.28	10.04	1.86631282395119
93822	NC_006114.5	730000	740000	4.11	11.72	1.76408354535907
94515	NC_006126.5	0	10000	0.45	9.39	4.6354495259426
94516	NC_006126.5	10000	20000	0.05	9.71	7.85372066515033
94517	NC_006126.5	100000	110000	1.73	8.8	2.59905276050644
94518	NC_006126.5	1000000	1010000	4.25	13.19	1.88623109284498
94519	NC_006126.5	1010000	1020000	0.79	7.84	3.56325037055661
94520	NC_006126.5	1020000	1030000	0.09	8.37	6.79148008572653
94521	NC_006126.5	1030000	1040000	0.36	7.02	4.53772349348075
94522	NC_006126.5	1040000	1050000	0.08	6.9	6.68277382628403
94523	NC_006126.5	1050000	1060000	0.31	7.74	4.89431472037603
94524	NC_006126.5	1060000	1070000	0.41	6.68	4.27847356247447
94525	NC_006126.5	1070000	1080000	0.27	7.59	5.0653898478705
94526	NC_006126.5	1080000	1090000	1.9	7.88	2.30451748574393
94527	NC_006126.5	1090000	1100000	1.29	7.84	2.85580386331045
94528	NC_006126.5	110000	120000	0.32	9.53	5.14865367852844
94529	NC_006126.5	1100000	1110000	0.48	8.58	4.41219261139689
94530	NC_006126.5	1110000	1120000	0.06	6.45	7.00051412420796
94531	NC_006126.5	1120000	1130000	0.79	8.07	3.60496538971918
94532	NC_006126.5	1130000	1140000	0.73	5.66	3.20715495857037
94533	NC_006126.5	1140000	1150000	1.72	10.38	2.84564724827428
94534	NC_006126.5	1150000	1160000	2.79	10.42	2.15333952506782
94535	NC_006126.5	1160000	1170000	1.43	8.17	2.76664220598579
94536	NC_006126.5	1170000	1180000	0.91	9.11	3.57583387822185
94537	NC_006126.5	1180000	1190000	0.22	9.83	5.73393726232178
94538	NC_006126.5	1190000	1200000	0.68	8.77	3.94129146581289
94539	NC_006126.5	120000	130000	1.64	11.47	3.05841894601624
94540	NC_006126.5	1200000	1210000	0.1	7.72	6.52285021699922
94541	NC_006126.5	1210000	1220000	2.75	7.9	1.77474230927094
94542	NC_006126.5	1220000	1230000	0.21	7.38	5.38748085790014
94543	NC_006126.5	1230000	1240000	0.64	7.34	3.77195752746171
94544	NC_006126.5	1240000	1250000	0.81	6.84	3.33032378661977
94546	NC_006126.5	1260000	1270000	0.57	7.44	3.95859007156179
94547	NC_006126.5	1270000	1280000	1.51	8.03	2.66317271281074
94548	NC_006126.5	1280000	1290000	0.06	7.35	7.18895921362107
94549	NC_006126.5	1290000	1300000	2.87	8.9	1.88507587379657
94550	NC_006126.5	130000	140000	0.11	8.06	6.44752568450917
94551	NC_006126.5	1300000	1310000	0.34	7.96	4.80148305391181
94552	NC_006126.5	1310000	1320000	0.77	6.76	3.38641417020578
94553	NC_006126.5	1320000	1330000	3.94	9.73	1.55656544994324
94555	NC_006126.5	1340000	1350000	0.92	7.42	3.26403469518229
94556	NC_006126.5	1350000	1360000	0.32	7.74	4.84851103076291
94557	NC_006126.5	1360000	1370000	0.63	7.65	3.8543572886986
94558	NC_006126.5	1370000	1380000	0.47	7.59	4.26568849835633
94559	NC_006126.5	1380000	1390000	0.92	8.98	3.53933095330263
94560	NC_006126.5	1390000	1400000	0.18	8.01	5.7280547055849
94561	NC_006126.5	140000	150000	0.26	7.33	5.06955094461122
94562	NC_006126.5	1400000	1410000	0.68	9.7	4.08669937044265
94563	NC_006126.5	1410000	1420000	0.21	8.1	5.52178194961173
94564	NC_006126.5	1420000	1430000	0.3	7.83	4.95829917630102
94565	NC_006126.5	1430000	1440000	0.18	7.54	5.64081698644485
94566	NC_006126.5	1440000	1450000	0.42	8.92	4.66090375176004
94567	NC_006126.5	1450000	1460000	0.07	7.7	7.03368098814316
94568	NC_006126.5	1460000	1470000	0.28	7.5	4.99571313794414
94569	NC_006126.5	1470000	1480000	0.59	8.19	4.04739786689767
94570	NC_006126.5	1480000	1490000	3.15	9.15	1.79074118940263
94571	NC_006126.5	1490000	1500000	0.63	7.71	3.86562840103362
94572	NC_006126.5	150000	160000	0.13	8.19	6.22960119811842
94573	NC_006126.5	1500000	1510000	0.08	8.09	6.91231716704848
94574	NC_006126.5	1510000	1520000	0.96	8.69	3.43057114071174
94575	NC_006126.5	1520000	1530000	0.22	8.6	5.54108250557066
94576	NC_006126.5	1530000	1540000	0.06	8.73	7.43719661752678
94577	NC_006126.5	1540000	1550000	0.05	8.56	7.67186016613229
94578	NC_006126.5	1550000	1560000	0.52	8.79	4.33160091162081
94579	NC_006126.5	1560000	1570000	0.45	7.86	4.37885368054743
94580	NC_006126.5	1570000	1580000	0.29	9.25	5.2476498348946
94581	NC_006126.5	1580000	1590000	0.8	9	3.74417437094817
94582	NC_006126.5	1590000	1600000	0.14	8.22	6.12796093624258
94583	NC_006126.5	160000	170000	0.33	8.7	4.97279874599614
94584	NC_006126.5	1600000	1610000	0.85	9.1	3.67265307356686
94585	NC_006126.5	1610000	1620000	1.95	8.59	2.39150528200735
94586	NC_006126.5	1620000	1630000	0.36	8.55	4.82217688294945
94588	NC_006126.5	1640000	1650000	1.4	10.68	3.18373418936109
94589	NC_006126.5	1650000	1660000	0.08	7.52	6.80691012629614
94590	NC_006126.5	1660000	1670000	0.18	7.88	5.70444809263256
94591	NC_006126.5	1670000	1680000	2.88	10.19	2.075334609342
94592	NC_006126.5	1680000	1690000	1.84	182.72	6.88610625392433
94593	NC_006126.5	1690000	1700000	0.07	6.91	6.87750825294915
94594	NC_006126.5	170000	180000	4.09	9	1.39014543289379
94595	NC_006126.5	1700000	1710000	0.44	7.79	4.39836917404287
94596	NC_006126.5	1710000	1720000	0.4	21.46	5.99782754048766
94597	NC_006126.5	1720000	1730000	0.82	7.79	3.50024878806209
94598	NC_006126.5	1730000	1740000	0.82	11.98	4.1211814627892
94599	NC_006126.5	1740000	1750000	0.52	9.11	4.38318880027946
94600	NC_006126.5	1750000	1760000	1.94	8.87	2.44519872673244
94601	NC_006126.5	1760000	1770000	0.19	7.78	5.60802010616111
94602	NC_006126.5	1770000	1780000	0.64	8.3	3.94928880085279
94603	NC_006126.5	1780000	1790000	1.83	8.46	2.46113528945441
94604	NC_006126.5	1790000	1800000	0.6	7.65	3.92474661659
94606	NC_006126.5	1800000	1810000	0.62	7.42	3.83340034085243
94607	NC_006126.5	1810000	1820000	0.59	5.95	3.58642408345196
94608	NC_006126.5	1820000	1830000	2.31	9.11	2.23187947700449
94609	NC_006126.5	1830000	1840000	0.39	24.49	6.22489611432023
94610	NC_006126.5	1840000	1850000	1.68	142.62	6.65989254050333
94611	NC_006126.5	1850000	1860000	0.1	23.4	8.12268599420191
94612	NC_006126.5	1860000	1870000	0.19	11.52	6.17431876261723
94613	NC_006126.5	1870000	1880000	0.37	20.51	6.0449796854694
94614	NC_006126.5	1880000	1890000	0.47	8.33	4.39990510830641
94615	NC_006126.5	1890000	1900000	0.23	12.21	5.98260680354889
94616	NC_006126.5	190000	200000	1.11	9.48	3.34664865716665
94617	NC_006126.5	1900000	1910000	0.13	4.86	5.47669406008319
94618	NC_006126.5	1910000	1920000	0.74	7.6	3.6127235173205
94619	NC_006126.5	1920000	1930000	0.97	13.94	4.0974232782998
94620	NC_006126.5	1930000	1940000	0.33	13	5.55222306317586
94621	NC_006126.5	1940000	1950000	0.08	8.16	6.92474661659
94622	NC_006126.5	1950000	1960000	0.31	8.06	4.95276099275959
94623	NC_006126.5	1960000	1970000	0.4	11.01	5.03499193329551
94624	NC_006126.5	1970000	1980000	0.12	7.08	6.13496432398034
94625	NC_006126.5	1980000	1990000	0.63	7.74	3.87123110726299
94626	NC_006126.5	1990000	2000000	0.93	8.33	3.41533514887602
94627	NC_006126.5	20000	30000	0.01	9.58	10.1562031203547
94628	NC_006126.5	200000	210000	0.29	8.79	5.17405963463433
94629	NC_006126.5	2000000	2010000	1.39	8.84	2.92128276128642
94630	NC_006126.5	2010000	2020000	1.26	7.77	2.87681213952629
94631	NC_006126.5	2020000	2030000	4.55	11.25	1.55830782563684
94635	NC_006126.5	2060000	2070000	0.72	7.69	3.66923606113801
94636	NC_006126.5	2070000	2080000	0.68	12.59	4.46292100108718
94637	NC_006126.5	2080000	2090000	0.21	7.94	5.4929990489827
94638	NC_006126.5	2090000	2100000	0.65	7.57	3.79410295157578
94639	NC_006126.5	210000	220000	0.08	7.96	6.88894589516215
94640	NC_006126.5	2100000	2110000	0.22	7.43	5.3301080565198
94641	NC_006126.5	2110000	2120000	1.17	8.38	3.09276298873445
94642	NC_006126.5	2120000	2130000	1.05	8.99	3.35025306246682
94643	NC_006126.5	2130000	2140000	3.06	8.2	1.67441353143129
94644	NC_006126.5	2140000	2150000	0.21	7.47	5.40496828462898
94645	NC_006126.5	2150000	2160000	0.83	9	3.69106303448861
94646	NC_006126.5	2160000	2170000	0.72	9.51	3.97569780403675
94647	NC_006126.5	2170000	2180000	0.07	8.91	7.24424797408282
94648	NC_006126.5	2180000	2190000	0.04	7.77	7.85409206302621
94649	NC_006126.5	2190000	2200000	0.28	8.85	5.23449999753126
94650	NC_006126.5	220000	230000	1.25	9.66	3.20241636879219
94651	NC_006126.5	2200000	2210000	0.8	8.79	3.71011253487454
94652	NC_006126.5	2210000	2220000	1.26	9.6	3.1819319467271
94653	NC_006126.5	2220000	2230000	2.67	9.35	2.06044789770595
94654	NC_006126.5	2230000	2240000	0.55	7.43	4.00817996163244
94655	NC_006126.5	2240000	2250000	0.48	8.08	4.32557025664914
94656	NC_006126.5	2250000	2260000	0.53	8.29	4.21962911155105
94657	NC_006126.5	2260000	2270000	1.86	8.1	2.37494056128246
94658	NC_006126.5	2270000	2280000	1.22	8.66	3.07980715178234
94659	NC_006126.5	2280000	2290000	0.15	6.96	5.78837417485871
94660	NC_006126.5	2290000	2300000	2.1	8.84	2.32597831634381
94661	NC_006126.5	230000	240000	0.12	4.49	5.47793040863849
94662	NC_006126.5	2300000	2310000	0.59	8.86	4.16084111381168
94663	NC_006126.5	2310000	2320000	2.29	8.41	2.1290794767767
94664	NC_006126.5	2320000	2330000	0.42	8.57	4.60315524595224
94665	NC_006126.5	2330000	2340000	0.12	8.19	6.34507841553835
94666	NC_006126.5	2340000	2350000	0.83	8.63	3.63049859245053
94667	NC_006126.5	2350000	2360000	0.23	7.91	5.35629320303428
94668	NC_006126.5	2360000	2370000	0.21	6.95	5.30087301945061
94669	NC_006126.5	2370000	2380000	0.2	7.08	5.39799872981414
94670	NC_006126.5	2380000	2390000	0.14	8.09	6.10496224499087
94671	NC_006126.5	2390000	2400000	0.54	9.85	4.44141368679877
94673	NC_006126.5	2400000	2410000	0.29	7.44	4.93349909059896
94674	NC_006126.5	2410000	2420000	0.85	8.35	3.54856272584221
94675	NC_006126.5	2420000	2430000	0.41	7.99	4.53682096292839
94676	NC_006126.5	2430000	2440000	5.39	11.2	1.30746282881096
94677	NC_006126.5	2440000	2450000	0.58	7.61	3.96609292299447
94678	NC_006126.5	2450000	2460000	0.75	10.59	4.07198945811496
94679	NC_006126.5	2460000	2470000	0.17	7.03	5.6222393124407
94680	NC_006126.5	2470000	2480000	2.04	9.58	2.48377777838318
94681	NC_006126.5	2480000	2490000	0.22	6.95	5.23375882359207
94682	NC_006126.5	2490000	2500000	0.44	11.24	4.92731597620213
94683	NC_006126.5	250000	260000	0.42	5.25	3.89617746439322
94684	NC_006126.5	2500000	2510000	0.86	8.03	3.47531269743372
94685	NC_006126.5	2510000	2520000	1.98	10.64	2.67824709004008
94686	NC_006126.5	2520000	2530000	1.01	9.2	3.43959984281108
94687	NC_006126.5	2530000	2540000	0.1	8.23	6.61514180015276
94688	NC_006126.5	2540000	2550000	0.06	7.69	7.25419856185917
94689	NC_006126.5	2550000	2560000	0.18	8.45	5.80520380434573
94690	NC_006126.5	2560000	2570000	0.3	7.48	4.89232513889762
94691	NC_006126.5	2570000	2580000	0.81	8.23	3.5972198921555
94692	NC_006126.5	2580000	2590000	0.26	7.63	5.12742080331194
94693	NC_006126.5	2590000	2600000	0.82	7.5	3.44551605538366
94694	NC_006126.5	260000	270000	1.7	9.4	2.7194472850458
94695	NC_006126.5	2600000	2610000	0.01	5.8	9.43223036463344
94696	NC_006126.5	2610000	2620000	0.05	6.38	7.24780579349601
94697	NC_006126.5	2620000	2630000	0.04	6.53	7.60326045616493
94698	NC_006126.5	2630000	2640000	0.05	7.14	7.41017344376024
94699	NC_006126.5	2640000	2650000	0.12	6.3	5.96656679228462
94700	NC_006126.5	2650000	2660000	0.05	8.43	7.64978200067322
94701	NC_006126.5	2660000	2670000	3.31	9.54	1.77947932381679
94702	NC_006126.5	2670000	2680000	0.04	6.99	7.70146991999394
94703	NC_006126.5	2680000	2690000	0.03	7.9	8.29306761696181
94704	NC_006126.5	2690000	2700000	0.17	7.76	5.76477127555529
94705	NC_006126.5	270000	280000	0.53	9.69	4.44475367547038
94706	NC_006126.5	2700000	2710000	0.54	7.62	4.07108095994835
94707	NC_006126.5	2710000	2720000	0.4	7.35	4.45199361945486
94708	NC_006126.5	2720000	2730000	1.74	8.8	2.59073749229443
94709	NC_006126.5	2730000	2740000	0.14	7.63	6.02050559939543
94710	NC_006126.5	2740000	2750000	0.97	7.94	3.28540362957433
94711	NC_006126.5	2750000	2760000	1.71	8.32	2.53490847787369
94712	NC_006126.5	2760000	2770000	0.78	5.9	3.17149020000546
94713	NC_006126.5	2770000	2780000	0.66	3.2	2.52985525014741
94714	NC_006126.5	2780000	2790000	0.11	7.47	6.33785408877044
94715	NC_006126.5	2790000	2800000	0.52	7.4	4.08326301699372
94716	NC_006126.5	280000	290000	0.15	8.85	6.13496432398034
94717	NC_006126.5	2800000	2810000	0.79	4.45	2.74620205229516
94718	NC_006126.5	2810000	2820000	0.44	4.74	3.68163290487946
94719	NC_006126.5	2820000	2830000	1.72	5.56	1.94499759263991
94720	NC_006126.5	2830000	2840000	0.26	7.85	5.1684304002564
94721	NC_006126.5	2840000	2850000	0.6	8.32	4.04587039715107
94722	NC_006126.5	2850000	2860000	2.04	8.7	2.3447675233831
94723	NC_006126.5	2860000	2870000	0.45	7.71	4.35105522820386
94724	NC_006126.5	2870000	2880000	1.04	8.64	3.30676905864088
94725	NC_006126.5	2880000	2890000	0.75	9.73	3.94979857890373
94726	NC_006126.5	2890000	2900000	0.13	7.29	6.06165656080435
94727	NC_006126.5	290000	300000	0.35	7.76	4.72295109986066
94728	NC_006126.5	2900000	2910000	0.19	6.9	5.43484631284045
94729	NC_006126.5	2910000	2920000	0.13	7.58	6.1179355946485
94730	NC_006126.5	2920000	2930000	0.07	7.62	7.01861354005422
94731	NC_006126.5	2930000	2940000	0.01	8.37	9.96140508716884
94732	NC_006126.5	2940000	2950000	1.69	8.38	2.56224827203567
94733	NC_006126.5	2950000	2960000	0.42	7.65	4.43931978941975
94734	NC_006126.5	2960000	2970000	3.38	13.93	2.29542138093757
94735	NC_006126.5	2970000	2980000	0.23	8.73	5.49859716219093
94736	NC_006126.5	2980000	2990000	0.24	6.3	4.96656679228462
94737	NC_006126.5	2990000	3000000	0.47	7.85	4.31428126671985
94738	NC_006126.5	30000	40000	0.18	7.96	5.71902089371984
94740	NC_006126.5	3000000	3010000	0.24	6.96	5.11030226974607
94741	NC_006126.5	3010000	3020000	0.24	8.04	5.31841046507627
94742	NC_006126.5	3020000	3030000	0.23	9.12	5.56164933272623
94743	NC_006126.5	3030000	3040000	0.23	7.91	5.35629320303428
94744	NC_006126.5	3040000	3050000	0.26	8.07	5.20830641975519
94745	NC_006126.5	3050000	3060000	0.29	7.69	4.98118006745275
94746	NC_006126.5	3060000	3070000	0.04	7.93	7.88349833032248
94747	NC_006126.5	3070000	3080000	0.04	7.13	7.73007954106239
94748	NC_006126.5	3080000	3090000	0.12	7.49	6.21618068235609
94749	NC_006126.5	3090000	3100000	0.09	7.97	6.72083218716666
94751	NC_006126.5	3100000	3110000	0.06	7.94	7.3003539710403
94752	NC_006126.5	3110000	3120000	0.14	8.2	6.12444645206634
94754	NC_006126.5	3130000	3140000	3.73	13.04	2.05801760859434
94755	NC_006126.5	3140000	3150000	5.22	9.88	1.17278250963329
94756	NC_006126.5	3150000	3160000	0.61	7.14	3.80136420108471
94757	NC_006126.5	3160000	3170000	0.31	8.28	4.99161192173095
94758	NC_006126.5	3170000	3180000	0.34	9	4.9786396245852
94759	NC_006126.5	3180000	3190000	0.06	8.38	7.3781652075967
94760	NC_006126.5	3190000	3200000	0.83	7.96	3.51390646381522
94761	NC_006126.5	320000	330000	0.74	9.24	3.89461695040561
94762	NC_006126.5	3200000	3210000	3.27	9.01	1.71455774493396
94763	NC_006126.5	3210000	3220000	0.35	8.93	4.92555462279476
94764	NC_006126.5	3220000	3230000	0.17	7.62	5.73850562086148
94765	NC_006126.5	3230000	3240000	0.06	7.27	7.17317032781694
94766	NC_006126.5	3240000	3250000	7.1	14.33	1.2654689544886
94767	NC_006126.5	3250000	3260000	0.03	8.28	8.36084573139667
94768	NC_006126.5	3260000	3270000	0.39	7.42	4.50219443237706
94769	NC_006126.5	3270000	3280000	2.86	8.49	1.82207068139315
94770	NC_006126.5	3280000	3290000	2.02	7.62	2.16775697936003
94771	NC_006126.5	3290000	3300000	0.41	7.08	4.36237482008341
94772	NC_006126.5	330000	340000	0.53	77.3	7.44065351886751
94773	NC_006126.5	3300000	3310000	0.15	7.32	5.86113051729402
94774	NC_006126.5	3310000	3320000	0.03	8.04	8.31841046507627
94775	NC_006126.5	3320000	3330000	0.92	9.11	3.56006656236354
94776	NC_006126.5	3330000	3340000	3.28	9.99	1.85911013779284
94777	NC_006126.5	3340000	3350000	6.13	11.08	1.10632017697691
94778	NC_006126.5	3350000	3360000	0.41	8.18	4.57072630294217
94779	NC_006126.5	3360000	3370000	0.19	7.97	5.64282967516539
94780	NC_006126.5	3370000	3380000	0.13	7.21	6.04573700571823
94781	NC_006126.5	3380000	3390000	0.51	7.44	4.11905474375504
94782	NC_006126.5	3390000	3400000	0.68	7.58	3.73091247153925
94783	NC_006126.5	340000	350000	0.7	9.86	4.06848209405145
94784	NC_006126.5	3400000	3410000	0.23	7.64	5.30618814659724
94785	NC_006126.5	3410000	3420000	0.14	6.98	5.89204957877055
94786	NC_006126.5	3420000	3430000	1.57	10.55	3.00072780932142
94787	NC_006126.5	3430000	3440000	0.25	8.12	5.27380100202895
94788	NC_006126.5	3440000	3450000	0.27	7	4.94864488428736
94789	NC_006126.5	3450000	3460000	0.27	8.14	5.16631875672128
94790	NC_006126.5	3460000	3470000	0.45	9.33	4.62620144914058
94791	NC_006126.5	3470000	3480000	0.25	12.92	5.9438554395377
94792	NC_006126.5	3480000	3490000	0.19	10.42	6.02953332345342
94793	NC_006126.5	3490000	3500000	2.09	7.48	2.09185660242525
94794	NC_006126.5	350000	360000	1.66	9.04	2.69746080568676
94795	NC_006126.5	3500000	3510000	0.09	4.4	5.86375598670085
94796	NC_006126.5	3510000	3520000	0.1	9.35	6.79921573450614
94797	NC_006126.5	3520000	3530000	0.54	8.52	4.23214339268087
94798	NC_006126.5	3530000	3540000	1.14	8.67	3.17931944367559
94799	NC_006126.5	3540000	3550000	0.28	8.44	5.16606554126808
94800	NC_006126.5	3550000	3560000	0.14	7.46	5.98799817281613
94801	NC_006126.5	3560000	3570000	0.67	6.56	3.54378408877881
94805	NC_006126.5	360000	370000	0.88	7.67	3.37597242348414
94806	NC_006126.5	3600000	3610000	0.39	6.62	4.33760646256347
94807	NC_006126.5	3610000	3620000	0.17	4.7	5.04137537993316
94808	NC_006126.5	3620000	3630000	3.12	8.19	1.64463869739726
94809	NC_006126.5	3630000	3640000	0.32	7.15	4.73412070628425
94810	NC_006126.5	3640000	3650000	3.8	10.68	1.74316159797511
94811	NC_006126.5	3650000	3660000	2.19	17.67	3.26462053956894
94812	NC_006126.5	3660000	3670000	0.21	7.89	5.4838853418532
94813	NC_006126.5	3670000	3680000	1.27	7.81	2.87281532598831
94814	NC_006126.5	3680000	3690000	0.05	9.55	7.82975010265425
94815	NC_006126.5	3690000	3700000	0.92	8.22	3.41175390224317
94817	NC_006126.5	3700000	3710000	1.67	8.88	2.66303284849455
94818	NC_006126.5	3710000	3720000	0.34	6.91	4.59740033375642
94819	NC_006126.5	3720000	3730000	0.16	4.37	5.0238107441191
94820	NC_006126.5	3730000	3740000	0.09	3.59	5.57023630699924
94821	NC_006126.5	3740000	3750000	0.3	3.66	3.86113051729402
94822	NC_006126.5	3750000	3760000	1.04	4.35	2.3167531472135
94823	NC_006126.5	3760000	3770000	2.37	4.66	1.22776417037452
94824	NC_006126.5	3770000	3780000	1.09	4.43	2.27529983839659
94825	NC_006126.5	3780000	3790000	0.89	4.06	2.44192376083728
94826	NC_006126.5	3790000	3800000	0.34	0.6	1.07174902897668
94827	NC_006126.5	380000	390000	0.55	8.28	4.16444851859317
94828	NC_006126.5	3800000	3810000	2.7	6.44	1.50642255568229
94829	NC_006126.5	3810000	3820000	0.24	7.48	5.21425323378498
94830	NC_006126.5	3820000	3830000	0.09	7.35	6.60399671289991
94831	NC_006126.5	3830000	3840000	0.06	7.35	7.18895921362107
94832	NC_006126.5	3840000	3850000	0.87	8.97	3.61834195368903
94833	NC_006126.5	3850000	3860000	1.91	11.27	2.81316424675497
94834	NC_006126.5	3860000	3870000	2.6	11.45	2.39108534457435
94835	NC_006126.5	3870000	3880000	0.38	8.09	4.66438965360489
94836	NC_006126.5	3880000	3890000	5.02	10.55	1.32380500426228
94837	NC_006126.5	3890000	3900000	0.24	7.23	5.16521061084846
94838	NC_006126.5	390000	400000	0.18	7.86	5.70078177543479
94839	NC_006126.5	3900000	3910000	1.28	7.39	2.78175182876465
94840	NC_006126.5	3910000	3920000	1.46	9.25	2.91580627114216
94841	NC_006126.5	3920000	3930000	0.19	7.97	5.64282967516539
94842	NC_006126.5	3930000	3940000	0.1	8.18	6.60635021267289
94843	NC_006126.5	3940000	3950000	0.05	7.3	7.44214583349852
94844	NC_006126.5	3950000	3960000	1.12	8.01	3.09062478496961
94845	NC_006126.5	3960000	3970000	0.71	9.72	4.0273866587196
94846	NC_006126.5	3970000	3980000	0.06	7.69	7.25419856185917
94847	NC_006126.5	3980000	3990000	0.42	7.89	4.4838853418532
94848	NC_006126.5	3990000	4000000	0.11	8.94	6.59702067716452
94849	NC_006126.5	40000	50000	0.03	7.32	8.18305861218139
94850	NC_006126.5	400000	410000	7.7	16.11	1.31734741774281
94851	NC_006126.5	4000000	4010000	0.13	8.15	6.22253780559585
94852	NC_006126.5	4010000	4020000	0.61	7.66	3.90278451898057
94853	NC_006126.5	4020000	4030000	0.33	8.56	4.94939414166119
94854	NC_006126.5	4030000	4040000	0.23	8.83	5.51502894620995
94855	NC_006126.5	4040000	4050000	0.25	7.14	5.08824534887288
94856	NC_006126.5	4050000	4060000	1.48	7.89	2.66674939900301
94857	NC_006126.5	4060000	4070000	0.26	8.82	5.33651640203493
94858	NC_006126.5	4070000	4080000	0.3	7.44	4.88458949011801
94859	NC_006126.5	4080000	4090000	0.4	7.25	4.43223036463344
94860	NC_006126.5	4090000	4100000	1.06	8.98	3.33497245479645
94861	NC_006126.5	410000	420000	0.2	7.84	5.54510302384635
94862	NC_006126.5	4100000	4110000	0.46	8.89	4.52479892739126
94863	NC_006126.5	4110000	4120000	4.28	8.76	1.28564134781853
94864	NC_006126.5	4120000	4130000	1.23	7.65	2.88912270685927
94865	NC_006126.5	4130000	4140000	0.81	12.43	4.19208185278636
94866	NC_006126.5	4140000	4150000	0.06	8.04	7.31841046507627
94867	NC_006126.5	4150000	4160000	0.1	7.21	6.42424862897196
94868	NC_006126.5	4160000	4170000	0.17	7.78	5.76848477835435
94869	NC_006126.5	4170000	4180000	0.27	7.91	5.12496765692782
94870	NC_006126.5	4180000	4190000	3.53	9.79	1.72396195095102
94871	NC_006126.5	4190000	4200000	0.17	8.72	5.93304275814509
94872	NC_006126.5	420000	430000	0.14	7.19	5.93481431300019
94873	NC_006126.5	4200000	4210000	0.11	7.12	6.2686230869476
94874	NC_006126.5	4210000	4220000	0.03	8.37	8.37644258644769
94875	NC_006126.5	4220000	4230000	0.07	7.26	6.94879209055665
94876	NC_006126.5	4230000	4240000	0.16	8.51	5.98533659630446
94877	NC_006126.5	4240000	4250000	0.06	7.84	7.28206861801255
94878	NC_006126.5	4250000	4260000	0.27	8.01	5.14309220486374
94879	NC_006126.5	4260000	4270000	0.02	9.24	9.10407031603456
94880	NC_006126.5	4270000	4280000	1.12	8.51	3.17798167424686
94881	NC_006126.5	4280000	4290000	0.04	8.2	7.93180137412395
94882	NC_006126.5	4290000	4300000	0.27	7.55	5.05776660666747
94883	NC_006126.5	430000	440000	0.42	7.43	4.39722225237834
94884	NC_006126.5	4300000	4310000	5.35	11.57	1.36509934243748
94885	NC_006126.5	4310000	4320000	0.08	8.25	6.94057158375168
94886	NC_006126.5	4320000	4330000	1.74	7.24	2.30922366585298
94887	NC_006126.5	4330000	4340000	0.45	7.43	4.29768657882742
94888	NC_006126.5	4340000	4350000	0.32	7.75	4.8503737747801
94889	NC_006126.5	4350000	4360000	0.03	7.97	8.30579468788782
94890	NC_006126.5	4360000	4370000	0.05	7.7	7.5191078153134
94891	NC_006126.5	4370000	4380000	1.59	9.05	2.76121230130471
94892	NC_006126.5	4380000	4390000	1.49	7.49	2.58197466261509
94893	NC_006126.5	4390000	4400000	0.16	7.79	5.85780079268017
94894	NC_006126.5	440000	450000	0.17	7.45	5.70595504871769
94895	NC_006126.5	4400000	4410000	0.07	7.61	7.01671899606444
94896	NC_006126.5	4410000	4420000	0.72	9.29	3.94193105955884
94897	NC_006126.5	4420000	4430000	0.63	8.3	3.97200887735287
94898	NC_006126.5	4430000	4440000	0.16	8.03	5.90157745213581
94899	NC_006126.5	4440000	4450000	0.07	8.15	7.11562260167934
94900	NC_006126.5	4450000	4460000	0.14	8.17	6.11915862070658
94901	NC_006126.5	4460000	4470000	0.82	7.67	3.47785203750335
94902	NC_006126.5	4470000	4480000	0.37	7.87	4.66308773449704
94903	NC_006126.5	4480000	4490000	2.53	8.35	1.9749600872856
94904	NC_006126.5	4490000	4500000	0.07	8.06	7.09960238108886
94905	NC_006126.5	450000	460000	0.2	8.34	5.6342967531758
94906	NC_006126.5	4500000	4510000	0.04	7.96	7.88894589516215
94907	NC_006126.5	4510000	4520000	0.55	7.59	4.03891763650931
94908	NC_006126.5	4520000	4530000	3.07	12.41	2.26751382937868
94909	NC_006126.5	4530000	4540000	0.23	8.28	5.42224627606081
94910	NC_006126.5	4540000	4550000	0.33	8.34	4.91183072870471
94911	NC_006126.5	4550000	4560000	1.34	10.13	3.17065054296187
94912	NC_006126.5	4560000	4570000	0.86	7.12	3.3017899508828
94913	NC_006126.5	4570000	4580000	0.97	8.73	3.42224627606081
94914	NC_006126.5	4580000	4590000	1.51	8.37	2.72300034784376
94915	NC_006126.5	4590000	4600000	0.17	9.06	5.9882256734144
94916	NC_006126.5	460000	470000	1.3	8.74	3.00144293109064
94917	NC_006126.5	4600000	4610000	0.59	9.18	4.21202856867047
94918	NC_006126.5	4610000	4620000	2.86	9.5	1.98423364105842
94919	NC_006126.5	4620000	4630000	0.46	7.29	4.23853432288842
94920	NC_006126.5	4630000	4640000	0.79	8.23	3.63328914686302
94921	NC_006126.5	4640000	4650000	3.13	10.1	1.94244200532504
94922	NC_006126.5	4650000	4660000	0.61	8.6	4.06977678664507
94923	NC_006126.5	4660000	4670000	3.33	8.34	1.5768464809919
94924	NC_006126.5	4670000	4680000	2.34	9.64	2.29484589126506
94925	NC_006126.5	4680000	4690000	2.6	10.65	2.28659117670325
94926	NC_006126.5	4690000	4700000	0.5	8.91	4.4077467063657
94927	NC_006126.5	470000	480000	0.29	7.31	4.90806787544337
94928	NC_006126.5	4700000	4710000	0.06	7.72	7.25981581116542
94929	NC_006126.5	4710000	4720000	0.15	7.79	5.95091019707165
94930	NC_006126.5	4720000	4730000	0.1	8.95	6.73613705188276
94931	NC_006126.5	4730000	4740000	0.73	11.59	4.24116156674495
94932	NC_006126.5	4740000	4750000	0.39	6.67	4.34846200694084
94933	NC_006126.5	4750000	4760000	0.15	7.43	5.88264907954858
94934	NC_006126.5	4760000	4770000	0.79	9.13	3.78301157642562
94935	NC_006126.5	4770000	4780000	0.06	7.2	7.15921187022702
94936	NC_006126.5	4780000	4790000	0.36	7.23	4.58024811012731
94937	NC_006126.5	4790000	4800000	0.02	7.53	8.80882732929043
94938	NC_006126.5	480000	490000	0.36	8.51	4.81541159486215
94939	NC_006126.5	4800000	4810000	0.03	7.65	8.24667471147736
94940	NC_006126.5	4810000	4820000	0.03	8.94	8.47148979508066
94941	NC_006126.5	4820000	4830000	0.02	8.89	9.04836088344827
94942	NC_006126.5	4830000	4840000	0.04	8.57	7.995472668731
94943	NC_006126.5	4840000	4850000	0.01	8.04	9.90337296579743
94944	NC_006126.5	4850000	4860000	0.01	8.91	10.0516028961404
94945	NC_006126.5	4860000	4870000	0.3	8.54	5.08352293863047
94946	NC_006126.5	4870000	4880000	0.19	8.41	5.72035575143006
94947	NC_006126.5	4880000	4890000	0.02	9.8	9.18895921362107
94948	NC_006126.5	4890000	4900000	0.08	8.16	6.92474661659
94949	NC_006126.5	490000	500000	0.13	8.34	6.25578512992207
94950	NC_006126.5	4900000	4910000	0.04	8.97	8.06128544953776
94951	NC_006126.5	4910000	4920000	0.12	8.62	6.41890283298644
94952	NC_006126.5	4920000	4930000	0.06	9.3	7.52844567989274
94953	NC_006126.5	4930000	4940000	0.13	8.18	6.22783858941916
94954	NC_006126.5	4940000	4950000	0.04	8.66	8.01054448934523
94955	NC_006126.5	4950000	4960000	0.42	7.62	4.43365103933306
94956	NC_006126.5	4960000	4970000	1.66	10.06	2.8516964330771
94957	NC_006126.5	4970000	4980000	0.44	8.13	4.46000119805623
94958	NC_006126.5	4980000	4990000	0.13	7.95	6.18669260664913
94959	NC_006126.5	4990000	5000000	0.01	9.05	10.0740952565891
94960	NC_006126.5	50000	60000	1.25	9.69	3.20688984537149
94961	NC_006126.5	500000	510000	0.11	9.22	6.64151259641054
94962	NC_006126.5	5000000	5010000	0.13	8.39	6.26440855691723
94963	NC_006126.5	5010000	5020000	0.3	7.9	4.97113952207445
94964	NC_006126.5	5020000	5030000	0.1	7.37	6.45591398882621
94965	NC_006126.5	5030000	5040000	0.18	7.91	5.70993015764898
94966	NC_006126.5	5040000	5050000	0.32	7.73	4.84664587854335
94967	NC_006126.5	5050000	5060000	0.05	7.63	7.50593242656567
94968	NC_006126.5	5060000	5070000	0.29	8.61	5.14420970688777
94969	NC_006126.5	5070000	5080000	0.34	8.24	4.85135896055138
94970	NC_006126.5	5080000	5090000	2.28	11.29	2.56026103122676
94971	NC_006126.5	5090000	5100000	0.09	8.34	6.78629984662085
94972	NC_006126.5	510000	520000	0.63	8.64	4.02992885328205
94973	NC_006126.5	5100000	5110000	0.03	7.67	8.25044154140028
94974	NC_006126.5	5110000	5120000	0.11	8.54	6.53098191560169
94975	NC_006126.5	5120000	5130000	0.52	7.63	4.12742080331194
94976	NC_006126.5	5130000	5140000	0.7	8.56	3.86450524407468
94977	NC_006126.5	5140000	5150000	0.12	7.44	6.20651758500538
94978	NC_006126.5	5150000	5160000	0.24	9.76	5.59809611146023
94979	NC_006126.5	5160000	5170000	0.04	9.23	8.10250811226427
94980	NC_006126.5	5170000	5180000	0.23	7.49	5.27758122702024
94981	NC_006126.5	5180000	5190000	0.02	8.88	9.04673714096861
94982	NC_006126.5	5190000	5200000	0.75	8.29	3.71873087561837
94983	NC_006126.5	520000	530000	0.72	8.57	3.82554766728869
94984	NC_006126.5	5200000	5210000	6.31	13.5	1.34956877157414
94985	NC_006126.5	5210000	5220000	0.57	7.78	4.02305760543995
94986	NC_006126.5	5220000	5230000	0.03	7.46	8.21039059415258
94987	NC_006126.5	5230000	5240000	1.62	12.45	3.19440129868932
94988	NC_006126.5	5240000	5250000	0.15	7.86	5.96381618126859
94989	NC_006126.5	5250000	5260000	0.06	6.42	6.99378826101965
94990	NC_006126.5	5260000	5270000	0.24	8.02	5.31481720035226
94991	NC_006126.5	5270000	5280000	0.14	9.87	6.39187262701729
94992	NC_006126.5	5280000	5290000	0.77	8.63	3.73875148310255
94993	NC_006126.5	5290000	5300000	0.69	7.87	3.76401664334782
94994	NC_006126.5	530000	540000	0.23	7.76	5.32867216074861
94995	NC_006126.5	5300000	5310000	0.04	8.69	8.0155336414329
94996	NC_006126.5	5310000	5320000	0.05	8.09	7.59038907216112
94997	NC_006126.5	5320000	5330000	0.74	7.71	3.63345495890459
94998	NC_006126.5	5330000	5340000	0.07	8.24	7.13146687974411
94999	NC_006126.5	5340000	5350000	1.47	11.93	3.27302725747736
95000	NC_006126.5	5350000	5360000	3.18	9.25	1.79274787473782
95001	NC_006126.5	5360000	5370000	0.26	6.81	4.96339254448948
95002	NC_006126.5	5370000	5380000	0.15	7.3	5.85718333277736
95003	NC_006126.5	5380000	5390000	0.25	7.07	5.07403148965317
95004	NC_006126.5	5390000	5400000	0.1	7.64	6.50782200776689
95005	NC_006126.5	540000	550000	0.38	7.91	4.63192764564771
95006	NC_006126.5	5400000	5410000	1.06	8.14	3.19328580432155
95007	NC_006126.5	5410000	5420000	0.22	8.47	5.5191078153134
95008	NC_006126.5	5420000	5430000	1.63	8.26	2.59359109180687
95009	NC_006126.5	5430000	5440000	0.36	9.09	4.91053275737029
95010	NC_006126.5	5440000	5450000	0	0.73	Inf
95011	NC_006126.5	5450000	5460000	0.46	1.59	2.04164227384584
95012	NC_006126.5	5460000	5470000	2.35	6.24	1.66120654691575
95013	NC_006126.5	5470000	5480000	0.97	8.16	3.32483377440287
95016	NC_006126.5	550000	560000	0.2	7.61	5.50214582323468
95017	NC_006126.5	5500000	5510000	1.29	4.61	2.08971695962458
95018	NC_006126.5	5510000	5520000	1.38	4.68	2.01416153742374
95019	NC_006126.5	5520000	5530000	4.06	11.46	1.74937668619023
95020	NC_006126.5	5530000	5540000	0.12	3.93	5.28574427615595
95021	NC_006126.5	5540000	5550000	2.09	5.36	1.61105133299539
95023	NC_006126.5	5560000	5570000	0.28	6.46	4.78035670725482
95024	NC_006126.5	5570000	5580000	1.14	7.34	2.93906751329697
95025	NC_006126.5	5580000	5590000	0.13	7.99	6.19393324940538
95026	NC_006126.5	5590000	5600000	0.32	8.89	5.04836088344827
95027	NC_006126.5	560000	570000	0.29	8.02	5.04179870594585
95028	NC_006126.5	5600000	5610000	0.32	8.79	5.0320406297619
95029	NC_006126.5	5610000	5620000	1.14	8.22	3.10242584413544
95030	NC_006126.5	5620000	5630000	0.65	9.11	4.0612607053921
95031	NC_006126.5	5630000	5640000	0.28	8.3	5.14193387879518
95032	NC_006126.5	5640000	5650000	0.1	8.54	6.66848543935163
95033	NC_006126.5	5650000	5660000	0.82	9.52	3.78958703330836
95034	NC_006126.5	5660000	5670000	0.01	7	9.70353238645083
95035	NC_006126.5	5670000	5680000	0.79	7.59	3.51649660185686
95036	NC_006126.5	5680000	5690000	0.79	10.65	4.0051782415546
95037	NC_006126.5	5690000	5700000	1.01	7.86	3.21249529412531
95038	NC_006126.5	570000	580000	0.84	8.84	3.64790641123117
95039	NC_006126.5	5700000	5710000	1.68	5.97	2.08159097310455
95040	NC_006126.5	5710000	5720000	1.23	5.01	2.27847356247447
95041	NC_006126.5	5720000	5730000	0.1	3.35	5.31841046507627
95042	NC_006126.5	5730000	5740000	1.85	335.62	7.75548088392604
95043	NC_006126.5	5740000	5750000	0.14	6.82	5.85859428158507
95044	NC_006126.5	5750000	5760000	0.12	7.43	6.20457717443594
95045	NC_006126.5	5760000	5770000	0.23	6.83	5.14450108685158
95046	NC_006126.5	5770000	5780000	0.17	8	5.80871462314289
95047	NC_006126.5	5780000	5790000	0.18	4.93	5.0278401095541
95048	NC_006126.5	5790000	5800000	0.28	7.49	4.99378826101965
95049	NC_006126.5	580000	590000	1.71	9.56	2.73533556771335
95050	NC_006126.5	5800000	5810000	2.74	9.63	2.06568117950143
95051	NC_006126.5	5810000	5820000	1.02	7.93	3.21107298835098
95052	NC_006126.5	5820000	5830000	0.72	7.94	3.71539147031915
95053	NC_006126.5	5830000	5840000	0.57	7.09	3.88907307769328
95054	NC_006126.5	5840000	5850000	0.44	8.46	4.51740350910115
95055	NC_006126.5	5850000	5860000	0.23	8.2	5.40823941806693
95056	NC_006126.5	5860000	5870000	0.35	7.7	4.7117528932558
95057	NC_006126.5	5870000	5880000	1.15	7.56	2.9690736478952
95058	NC_006126.5	5880000	5890000	0.06	8.01	7.31301720630605
95059	NC_006126.5	5890000	5900000	0.08	7.37	6.77784208371357
95060	NC_006126.5	590000	600000	0.79	8.64	3.70342802860487
95061	NC_006126.5	5900000	5910000	0.17	7.08	5.63246398345116
95062	NC_006126.5	5910000	5920000	2.34	11	2.48524436344712
95063	NC_006126.5	5920000	5930000	0.17	7.69	5.75169822132999
95064	NC_006126.5	5930000	5940000	0.66	7.58	3.77398119343114
95065	NC_006126.5	5940000	5950000	0.01	8.51	9.98533659630446
95066	NC_006126.5	5950000	5960000	0.15	6.9	5.77588323067551
95067	NC_006126.5	5960000	5970000	1.16	7.9	3.02004912255539
95068	NC_006126.5	5970000	5980000	0.65	8.21	3.91119187336785
95069	NC_006126.5	5980000	5990000	0.02	8.21	8.93355968639631
95070	NC_006126.5	5990000	6000000	2.16	12.96	2.83728377533966
95071	NC_006126.5	60000	70000	0.73	8.4	3.77674223340461
95072	NC_006126.5	600000	610000	0.22	7.12	5.2686230869476
95073	NC_006126.5	6000000	6010000	0.58	8.99	4.20651758500538
95074	NC_006126.5	6010000	6020000	0.21	7.55	5.42033668605218
95075	NC_006126.5	6020000	6030000	0.11	7.61	6.36464229948475
95076	NC_006126.5	6030000	6040000	0.22	7.83	5.40575815327224
95077	NC_006126.5	6040000	6050000	0.01	9.21	10.0993786207098
95078	NC_006126.5	6050000	6060000	0.12	8.21	6.34859718567515
95079	NC_006126.5	6060000	6070000	0.32	7.7	4.84103591020076
95080	NC_006126.5	6070000	6080000	2.07	8.62	2.31037837620827
95081	NC_006126.5	6080000	6090000	0.32	4.5	4.06610246583554
95082	NC_006126.5	6090000	6100000	0.82	9.22	3.74339221042975
95083	NC_006126.5	610000	620000	0.05	8.94	7.73452420091446
95084	NC_006126.5	6100000	6110000	0.22	9.62	5.70278273975125
95085	NC_006126.5	6110000	6120000	0.26	7.9	5.17759039954187
95086	NC_006126.5	6120000	6130000	4.56	9.75	1.34868966909073
95087	NC_006126.5	6130000	6140000	3.62	10.84	1.83462442888917
95088	NC_006126.5	6140000	6150000	1.71	9.58	2.73835060546878
95089	NC_006126.5	6150000	6160000	0.41	8.56	4.63623625640156
95090	NC_006126.5	6160000	6170000	0	0.44	Inf
95094	NC_006126.5	620000	630000	4.47	8.93	1.25070661855641
95096	NC_006126.5	6210000	6220000	0.23	6.08	4.97668683200507
95097	NC_006126.5	6220000	6230000	0.18	7.83	5.69526477046723
95098	NC_006126.5	6230000	6240000	0.74	8.44	3.76396709769674
95099	NC_006126.5	6240000	6250000	0.04	5.73	7.41471260337541
95105	NC_006126.5	630000	640000	0.04	8.27	7.94406479378978
95108	NC_006126.5	6320000	6330000	0	0.25	Inf
95109	NC_006126.5	6330000	6340000	0.49	6.61	4.00611789201098
95110	NC_006126.5	6340000	6350000	0.04	8.05	7.90516624762048
95111	NC_006126.5	6350000	6360000	0.14	9.05	6.26674033453146
95112	NC_006126.5	6360000	6370000	0.41	6.7	4.28278655534555
95113	NC_006126.5	6370000	6380000	0.23	9.86	5.6742031549394
95114	NC_006126.5	6380000	6390000	0.09	13.7	7.50235645102408
95115	NC_006126.5	6390000	6400000	0.18	9.31	5.94503363073498
95116	NC_006126.5	640000	650000	0.72	9.04	3.90257523559138
95117	NC_006126.5	6400000	6410000	0.06	7.97	7.30579468788782
95118	NC_006126.5	6410000	6420000	0.03	10.06	8.64177336370287
95119	NC_006126.5	6420000	6430000	0.15	7.33	5.86310006714379
95120	NC_006126.5	6430000	6440000	0.14	8.74	6.21645582206149
95121	NC_006126.5	6440000	6450000	0.03	8.62	8.41890283298644
95122	NC_006126.5	6450000	6460000	0.53	8.4	4.23864633772142
95123	NC_006126.5	6460000	6470000	0.1	7.96	6.56701780027479
95124	NC_006126.5	6470000	6480000	0.49	8.6	4.38580428009275
95125	NC_006126.5	6480000	6490000	0.13	7.62	6.12552874397073
95126	NC_006126.5	6490000	6500000	1.49	7.55	2.59348558836878
95127	NC_006126.5	650000	660000	0.07	7.44	6.98412516366893
95128	NC_006126.5	6500000	6510000	4.81	8.96	1.14978311290606
95129	NC_006126.5	6510000	6520000	0.64	6.58	3.61426504835374
95130	NC_006126.5	6520000	6530000	0.25	7.63	5.18400433167831
95131	NC_006126.5	6530000	6540000	0.14	6.85	5.86492653040878
95132	NC_006126.5	6540000	6550000	0.07	7.03	6.90234723163343
95133	NC_006126.5	6550000	6560000	1.13	7.67	3.01522507970625
95134	NC_006126.5	6560000	6570000	1.71	8.3	2.53143628596689
95135	NC_006126.5	6570000	6580000	0.24	7.48	5.21425323378498
95136	NC_006126.5	6580000	6590000	0.17	7.17	5.65068774207007
95137	NC_006126.5	6590000	6600000	0.11	7.16	6.27670543324546
95138	NC_006126.5	660000	670000	0.1	7.44	6.46955199083917
95139	NC_006126.5	6600000	6610000	0.04	8.23	7.93706989504013
95140	NC_006126.5	6610000	6620000	0.8	7.81	3.53957191787312
95141	NC_006126.5	6620000	6630000	1.19	7.77	2.95927429971827
95142	NC_006126.5	6630000	6640000	0.39	8.68	4.72847028820073
95143	NC_006126.5	6640000	6650000	0.19	7.85	5.6209426049539
95144	NC_006126.5	6650000	6660000	0.15	7.34	5.86506693185319
95145	NC_006126.5	6660000	6670000	0.06	8.41	7.38332076415249
95146	NC_006126.5	6670000	6680000	0.65	8.33	3.93212614695559
95147	NC_006126.5	6680000	6690000	0.58	8.22	4.07733486317261
95148	NC_006126.5	6690000	6700000	0.06	7.84	7.28206861801255
95149	NC_006126.5	670000	680000	0.05	7.42	7.46566855635194
95150	NC_006126.5	6700000	6710000	0.06	8.65	7.42391509642143
95151	NC_006126.5	6710000	6720000	0.02	8.17	8.92651354276418
95152	NC_006126.5	6720000	6730000	1.71	9.05	2.65624274170317
95153	NC_006126.5	6730000	6740000	1.25	9.4	3.16305393652141
95154	NC_006126.5	6740000	6750000	0.01	7.59	9.82027735003397
95155	NC_006126.5	6750000	6760000	0.12	7.56	6.22960119811842
95156	NC_006126.5	6760000	6770000	0.07	7.23	6.94281818951201
95157	NC_006126.5	6770000	6780000	0.51	7.85	4.19644477642599
95158	NC_006126.5	6780000	6790000	0.93	8.31	3.41186713028081
95159	NC_006126.5	6790000	6800000	0.83	7.95	3.51209289344329
95160	NC_006126.5	680000	690000	0.15	8.08	6.00364216176178
95161	NC_006126.5	6800000	6810000	1.09	8.47	3.21035510917377
95162	NC_006126.5	6810000	6813114	16.05	2238.3	7.37600758115542
95163	NC_006126.5	690000	700000	0.03	7.46	8.21039059415258
95164	NC_006126.5	70000	80000	0.06	8.01	7.31301720630605
95165	NC_006126.5	700000	710000	0.04	7.78	7.85594761960469
95166	NC_006126.5	710000	720000	0.44	7.69	4.37972944394303
95167	NC_006126.5	720000	730000	0.05	6.69	7.3162555803726
95168	NC_006126.5	730000	740000	0.22	7.18	5.28072968980425
95169	NC_006126.5	740000	750000	0.48	7.39	4.1967893280435
95170	NC_006126.5	750000	760000	4.78	9.27	1.20787999526328
95171	NC_006126.5	760000	770000	0.05	6.75	7.32913687166933
95172	NC_006126.5	770000	780000	0.21	6.99	5.30915249721518
95173	NC_006126.5	780000	790000	1.55	8.68	2.73774810178874
95175	NC_006126.5	80000	90000	0.15	8.01	5.99108911141869
95176	NC_006126.5	800000	810000	0.34	7.76	4.76477127555529
95177	NC_006126.5	810000	820000	0.15	6.86	5.76749544518279
95178	NC_006126.5	820000	830000	0.73	7.85	3.67904555951747
95179	NC_006126.5	830000	840000	1.24	9.05	3.11989894620219
95180	NC_006126.5	840000	850000	0.32	7.62	4.82596846211182
95181	NC_006126.5	850000	860000	1.19	9.27	3.21392903993609
95182	NC_006126.5	860000	870000	0.16	8.2	5.93180137412395
95183	NC_006126.5	870000	880000	0.29	7.21	4.88819572873175
95184	NC_006126.5	880000	890000	0.71	8.21	3.78381256689162
95185	NC_006126.5	890000	900000	0.18	7.52	5.63698512485383
95186	NC_006126.5	90000	100000	0.46	8.05	4.38160429156347
95187	NC_006126.5	900000	910000	0.14	10.05	6.41794613862719
95188	NC_006126.5	910000	920000	0.19	8.53	5.7407956924932
95189	NC_006126.5	920000	930000	0.03	7.6	8.23721438222829
95190	NC_006126.5	930000	940000	0.38	7.35	4.52599420089864
95191	NC_006126.5	940000	950000	0.26	6.94	4.99067340905567
95192	NC_006126.5	950000	960000	0.19	7.69	5.59123354913674
95194	NC_006126.5	970000	980000	0.43	7.4	4.35743798043271
95195	NC_006126.5	980000	990000	0.05	8.27	7.62213669890241
95196	NC_006126.5	990000	1000000	0.26	8.54	5.2899738160979
100720	NC_006127.5	5970000	5980000	21.32	37.46	1.06546473610237
101659	NC_006127.5	68140000	68150000	4.76	8.26	1.04750148273
101661	NC_006127.5	68160000	68170000	3	6	1.2523212746185
101677	NC_006127.5	68300000	68310000	2.84	7.55	1.66290698932626
103453	NC_008465.4	1000000	1010000	12.4	21.12	1.02059098870272
103454	NC_008465.4	1010000	1020000	9.45	21.98	1.4701264264593
103479	NC_008465.4	1240000	1250000	3.22	8.5	1.65272342752895
103487	NC_008465.4	1310000	1320000	16.9	29.56	1.0589442975951
103488	NC_008465.4	1320000	1330000	9.52	17.52	1.13229057091173
103495	NC_008465.4	1390000	1400000	6.42	13.55	1.32996892373743
103504	NC_008465.4	1470000	1480000	9.84	17.17	1.05548109328139
103506	NC_008465.4	1490000	1500000	13.47	24.23	1.09936582860754
103508	NC_008465.4	1500000	1510000	8.82	26.61	1.8454392240832
103511	NC_008465.4	1530000	1540000	7.37	24.33	1.97532107046186
103516	NC_008465.4	1580000	1590000	13.65	29.14	1.3464212008758
103529	NC_008465.4	170000	180000	16.18	29.28	1.10802522047257
103533	NC_008465.4	1730000	1740000	10.19	20.08	1.23092649240346
103535	NC_008465.4	1750000	1760000	8.9	26.52	1.82752480887733
103537	NC_008465.4	1770000	1780000	15.23	27.53	1.10640994272677
103541	NC_008465.4	1800000	1810000	21.76	49.21	1.4295942344983
103543	NC_008465.4	1820000	1830000	8.56	23.86	1.73123261591258
103544	NC_008465.4	1830000	1840000	12.56	32.37	1.61814217593605
103545	NC_008465.4	1840000	1850000	8.11	24.77	1.86314132364759
103550	NC_008465.4	1890000	1900000	7.62	13.44	1.07099150990394
103556	NC_008465.4	1940000	1950000	22.87	50.4	1.39228864259411
103557	NC_008465.4	1950000	1960000	20.55	41.42	1.26351043426997
103560	NC_008465.4	1980000	1990000	18.48	48.2	1.63538966431977
103563	NC_008465.4	200000	210000	20.22	34.05	1.00419307561492
103564	NC_008465.4	2000000	2010000	14.23	37.27	1.64140043182087
103566	NC_008465.4	2020000	2030000	7.85	13.98	1.08492107621495
103584	NC_008465.4	2190000	2200000	15.09	27.92	1.14002741030147
103586	NC_008465.4	2200000	2210000	7.86	19.39	1.55503286046669
103593	NC_008465.4	2270000	2280000	12.26	37.05	1.84783583812092
103594	NC_008465.4	2280000	2290000	12.26	31.49	1.61325605306313
103606	NC_008465.4	2390000	2400000	12.21	22.05	1.10503673007598
103623	NC_008465.4	2540000	2550000	14.42	28.72	1.24630585920073
103628	NC_008465.4	2590000	2600000	13.78	42.58	1.8799213363665
103634	NC_008465.4	2640000	2650000	15.82	28.46	1.09950733667219
103635	NC_008465.4	2650000	2660000	22.41	39.73	1.07840741919621
103636	NC_008465.4	2660000	2670000	23.13	40.86	1.07324521271554
103638	NC_008465.4	2680000	2690000	10.15	19.84	1.21925357293284
103668	NC_008465.4	2950000	2960000	1.86	5.11	1.71034194444809
103674	NC_008465.4	300000	310000	7.86	13.77	1.06124861649486
103744	NC_008465.4	3630000	3640000	1.99	4.55	1.44541938916091
103746	NC_008465.4	3650000	3660000	2.3	4.79	1.31071306941031
103747	NC_008465.4	3660000	3670000	2.77	4.68	1.00894382815272
103762	NC_008465.4	380000	390000	15.07	25.89	1.03303682292079
103835	NC_008465.4	4450000	4460000	0.28	0.48	1.02992885328205
103837	NC_008465.4	4470000	4480000	1.08	2.45	1.4340717114576
103873	NC_008465.4	480000	490000	19.98	43.5	1.37478009244954
103884	NC_008465.4	490000	500000	6.42	11.62	1.10828614090073
103918	NC_008465.4	520000	530000	25.68	65.99	1.61392348991013
103929	NC_008465.4	530000	540000	19.09	39.09	1.28630375650385
103940	NC_008465.4	540000	550000	16.28	30.56	1.160865118388
103951	NC_008465.4	550000	560000	9.79	30.77	1.90446495334835
104029	NC_008465.4	620000	630000	9.74	23.69	1.53460579577639
104201	NC_008465.4	7750000	7760000	2.46	5.69	1.46209161158584
104204	NC_008465.4	7780000	7790000	2.43	27.63	3.75952861782521
104206	NC_008465.4	780000	790000	9.35	19.24	1.29339180361354
104217	NC_008465.4	850000	860000	19.32	39.55	1.28590387514288
104218	NC_008465.4	860000	870000	15.74	36.97	1.48424077729826
104219	NC_008465.4	870000	880000	5.71	12.1	1.33576567141761
104225	NC_008465.4	920000	930000	4.35	11.34	1.63465460882464
104231	NC_008465.4	980000	990000	16.43	41.62	1.59326575940376
104232	NC_008465.4	990000	1000000	16.84	47.6	1.75139070974741
104240	NC_028739.2	1040000	1050000	3.06	5.75	1.16235157775759
104256	NC_028739.2	1190000	1200000	1.31	2.37	1.10764152197931
104257	NC_028739.2	120000	130000	1.66	3.43	1.29934660944439
104305	NC_028739.2	1630000	1640000	3.01	5.33	1.07669332061797
104455	NC_028740.2	1340000	1350000	2.98	6.12	1.29054059684899
104521	NC_028740.2	1940000	1950000	1.01	4.89	2.52780044681894
104523	NC_028740.2	1960000	1970000	4.41	8.35	1.17331881642239
104619	NC_028740.2	2820000	2830000	2.24	8.25	2.13321666169407
104637	NC_028740.2	2990000	3000000	0.46	0.94	1.28334817023912
104642	NC_028740.2	3020000	3030000	0.92	2.05	1.40823941806693
104644	NC_028740.2	3040000	3050000	1.52	3.23	1.33978411586884
104647	NC_028740.2	3070000	3080000	2.38	5.34	1.41819944299811
104652	NC_028740.2	3110000	3120000	2.1	4.8	1.4449663525609
104658	NC_028740.2	3170000	3180000	1.85	3.77	1.27936052737085
104662	NC_028740.2	3200000	3210000	2.76	5.58	1.26791812966952
104664	NC_028740.2	3220000	3230000	0.44	0.83	1.16792908732813
104667	NC_028740.2	3250000	3260000	4.83	11.66	1.52379396898322
104673	NC_028740.2	3300000	3310000	1.92	7.5	2.21810555928059
104677	NC_028740.2	3340000	3350000	2.76	7.29	1.65357182216727
104678	NC_028740.2	3350000	3360000	2.32	7.37	1.919861088586
104684	NC_028740.2	3400000	3410000	2.82	8.48	1.84069037678291
104686	NC_028740.2	3420000	3430000	6.03	12.28	1.27840192808859
104687	NC_028740.2	3430000	3440000	5.04	9.2	1.12053140206296
104691	NC_028740.2	3470000	3480000	2.91	6.12	1.32483377440287
104695	NC_028740.2	3500000	3510000	0.82	4.33	2.65299248472714
104697	NC_028740.2	3520000	3530000	4.62	9.93	1.35622214073082
104703	NC_028740.2	3580000	3590000	1.36	2.38	1.0596761966761
104706	NC_028740.2	3600000	3610000	3.84	7.52	1.22194762557498
104710	NC_028740.2	3640000	3650000	1.44	3.29	1.44434004691143
104711	NC_028740.2	3650000	3660000	2.16	5.61	1.62929073306382
104717	NC_028740.2	3700000	3710000	4.5	10.09	1.41725054250782
104722	NC_028740.2	3750000	3760000	1.85	7.39	2.25037036824834
104723	NC_028740.2	3760000	3770000	4.01	8.87	1.39765314246464
104726	NC_028740.2	3790000	3800000	0.52	1.31	1.58530455801486
104742	NC_028740.2	3930000	3940000	1.14	1.98	1.04878788053337
104743	NC_028740.2	3940000	3950000	1.36	2.6	1.18722624639662
104756	NC_028740.2	4050000	4060000	4.16	7.72	1.14433859374549
104757	NC_028740.2	4060000	4070000	2.31	5.58	1.52469354503163
104760	NC_028740.2	4090000	4100000	2.7	5.04	1.15278560106759
104762	NC_028740.2	4100000	4110000	1.89	10.54	2.73173800203464
104769	NC_028740.2	4170000	4180000	4.86	11.01	1.43210752457709
104770	NC_028740.2	4180000	4190000	6.68	13.88	1.30740883472271
104775	NC_028740.2	4220000	4230000	3.71	7.79	1.32252541605937
104785	NC_028740.2	4310000	4320000	3.63	6.79	1.15576330086748
104786	NC_028740.2	4320000	4330000	1.7	4.22	1.56402952718798
104791	NC_028740.2	4370000	4380000	2.51	6.1	1.53344315311798
104792	NC_028740.2	4380000	4390000	2.08	10.27	2.5561020227956
104795	NC_028740.2	4400000	4410000	5.28	10.69	1.26997329298054
104796	NC_028740.2	4410000	4420000	1.53	7.03	2.45231431099838
104826	NC_028740.2	4690000	4700000	17.58	61.03	2.04790479454849
104828	NC_028740.2	4700000	4710000	108.98	276.37	1.59485889807949
104830	NC_028740.2	4720000	4730000	60.67	147.22	1.53123973456265
104940	NC_028740.2	5710000	5720000	0.6	2.39	2.24629748699073
104941	NC_028740.2	5720000	5730000	4.95	9.06	1.12440379969776
104944	NC_028740.2	5750000	5760000	2.82	5.23	1.14343705846665
104946	NC_028740.2	5770000	5780000	3.29	6.32	1.19415824906036
104952	NC_028740.2	5820000	5830000	1.84	5.75	1.89617746439322
104953	NC_028740.2	5830000	5840000	1.38	4.25	1.8751158488654
104954	NC_028740.2	5840000	5850000	1.07	1.82	1.01864892841605
104955	NC_028740.2	5850000	5860000	2.41	4.51	1.15641556164392
104958	NC_028740.2	5880000	5890000	2.4	5.14	1.35105522820386
104962	NC_028740.2	5910000	5920000	3.41	7.75	1.43674584575593
104964	NC_028740.2	5930000	5940000	1.63	3.73	1.44662494064266
104973	NC_028740.2	6000000	6010000	4.11	7.59	1.13728276635228
104982	NC_028740.2	6090000	6100000	1.58	3.11	1.229311296572
105031	NC_040902.1	0	10000	1284.88	4170.16	1.95079038568901
105032	NC_040902.1	10000	16784	1267.65	4075.24	1.93704982973466
105048	NW_020109747.1	0	7246	1.77	5.06	1.76770929922981
105053	NW_020109751.1	10000	10724	2.9	9.21	1.9194695306949
105098	NW_020109775.1	0	1568	0	22.45	Inf
105099	NW_020109776.1	0	2003	0.1	45.17	9.07154237816865
105100	NW_020109777.1	0	2092	0	28.38	Inf
105101	NW_020109778.1	0	3094	0	40	Inf
105102	NW_020109779.1	0	5587	0.14	86.56	9.52445113638771
105103	NW_020109780.1	0	6668	0.3	79.4	8.3003539710403
105104	NW_020109781.1	0	6830	0.1	31.56	8.5542746697446
105105	NW_020109782.1	0	6929	0.11	55.04	9.2191544106833
105106	NW_020109783.1	0	7074	0.28	124.45	9.04824496242929
105107	NW_020109784.1	0	7765	0.26	54.21	7.95622484806316
105108	NW_020109785.1	0	7878	0.05	37.09	9.78720773223415
105109	NW_020109786.1	0	8166	0.52	132.99	8.25091170436383
105110	NW_020109787.1	0	8267	0.05	9.06	7.75376041977737
105111	NW_020109788.1	0	8275	0.14	55.59	8.88557601930932
105112	NW_020109789.1	0	8559	0.19	86.71	9.08637643050059
105113	NW_020109790.1	0	8909	0.19	74.35	8.8645107881147
105114	NW_020109791.1	0	9034	0.07	42.25	9.48970197861781
105115	NW_020109792.1	0	9182	0.1	63.89	9.57176760402565
105116	NW_020109793.1	0	9607	0.15	15.34	6.92851344651292
105117	NW_020109794.1	0	10000	0.05	43	10.000514124208
105119	NW_020109795.1	0	10000	0.14	50.89	8.75813282853809
105120	NW_020109795.1	10000	10162	0	3.99	Inf
105121	NW_020109796.1	0	10000	0.09	31.6	8.70810511624065
105123	NW_020109797.1	0	10000	0.22	73.75	8.64131699000513
105124	NW_020109797.1	10000	10371	0	0.27	Inf
105125	NW_020109798.1	0	10000	0.06	6.43	6.99603370122529
105126	NW_020109798.1	10000	10551	0.67	76.8	7.09312267976925
105127	NW_020109799.1	0	10000	0.12	77.11	9.58006102654526
105128	NW_020109799.1	10000	10871	0	0.61	Inf
105129	NW_020109800.1	0	10000	0.03	8.63	8.4205755230763
105130	NW_020109800.1	10000	11068	0.09	4.5	5.89617746439322
105131	NW_020109801.1	0	10000	0.04	15.37	8.83822272430927
105132	NW_020109801.1	10000	12127	0	4.07	Inf
105133	NW_020109802.1	0	10000	0.15	46.05	8.51441611998868
105134	NW_020109802.1	10000	12728	0.07	15.31	8.02522492006068
105135	NW_020109803.1	0	10000	0.07	14.59	7.95573052047879
105136	NW_020109803.1	10000	13691	0.03	9.4	8.54387572046234
105137	NW_020109804.1	0	10000	0.1	35.63	8.72926994786444
105138	NW_020109804.1	10000	13829	0	28.99	Inf
105139	NW_020109805.1	0	10000	0.37	28.25	6.50690306117946
105140	NW_020109805.1	10000	14047	0.13	31.94	8.19303015388864
105141	NW_020109806.1	0	10000	0.09	30.58	8.66076896453699
105142	NW_020109806.1	10000	14330	0	9.56	Inf
105143	NW_020109807.1	0	10000	0.07	41.42	9.46107819078141
105144	NW_020109807.1	10000	14810	0.08	80.26	10.2227867153985
105145	NW_020109808.1	0	10000	0.06	20.47	8.66665416092076
105146	NW_020109808.1	10000	15438	0.05	55.8	10.3764425864477
105147	NW_020109809.1	0	10000	0.14	69.19	9.20131417807748
105148	NW_020109809.1	10000	16043	0.29	145.01	9.21820505205956
105149	NW_020109810.1	0	10000	0.07	52.26	9.79645776188092
105150	NW_020109810.1	10000	16320	0	8.19	Inf
105151	NW_020109811.1	0	10000	0.04	9.13	8.08679232460272
105152	NW_020109811.1	10000	17217	0.04	3.39	6.65746273775484
105153	NW_020109812.1	0	10000	0.12	32.82	8.34771829741106
105154	NW_020109812.1	10000	17224	0.22	117.62	9.31473543114313
105155	NW_020109813.1	0	10000	0.05	14.03	8.38469247335104
105156	NW_020109813.1	10000	17321	0.11	29.33	8.31105101173816
105157	NW_020109814.1	0	10000	0.07	11.84	7.65441971818985
105158	NW_020109814.1	10000	17442	0.01	9.53	10.1486536785284
105159	NW_020109815.1	0	10000	0.09	51.29	9.40685812915351
105160	NW_020109815.1	10000	18028	0.15	54.05	8.74550958163199
105161	NW_020109816.1	0	10000	0.08	27.27	8.66542025953376
105162	NW_020109816.1	10000	19032	0	6.47	Inf
105163	NW_020109817.1	0	10000	0.31	120.21	8.85139425938358
105164	NW_020109817.1	10000	19204	0.13	52.59	8.9124543379581
105165	NW_020109818.1	0	10000	0.08	17.22	8.00219070201534
105166	NW_020109818.1	10000	19471	0.04	15.15	8.81742335297881
105167	NW_020109819.1	0	10000	0.2	130.25	9.59938893178437
105168	NW_020109819.1	10000	19721	0.09	17.4	7.84726786391228
105169	NW_020109820.1	0	10000	0.08	34.42	9.0013526566587
105170	NW_020109820.1	10000	19850	0.15	2.87	4.51033760568567
105171	NW_020109821.1	0	10000	0.22	80.9	8.77481364329854
105172	NW_020109821.1	10000	19928	0.03	25.24	9.96885496887989
105173	NW_020109822.1	0	10000	0.12	31.79	8.30171607503532
105174	NW_020109822.1	10000	20000	0.15	50.6	8.65035234859165
105175	NW_020109822.1	20000	22964	0.11	14.32	7.27670543324546
105176	NW_020109823.1	0	10000	0.02	13.78	9.68068144732279
105177	NW_020109823.1	10000	20000	0.03	31.03	10.2668067554261
105178	NW_020109823.1	20000	23209	0.13	63.71	9.18918567858361
105179	NW_020109824.1	0	10000	0.06	17.26	8.4205755230763
105180	NW_020109824.1	10000	20000	0.06	12.69	7.97683512773845
105181	NW_020109824.1	20000	24105	0	6.66	Inf
105182	NW_020109825.1	0	10000	0.05	39.74	9.88676933698081
105183	NW_020109825.1	10000	20000	0.03	40.15	10.638543046302
105184	NW_020109825.1	20000	27808	0.06	3.75	6.21810555928059
105185	NW_020109826.1	0	10000	0.12	26.24	8.02491077851543
105186	NW_020109826.1	10000	20000	0.22	45.49	7.94422337527286
105187	NW_020109826.1	20000	28212	0.07	32.03	9.09017443533558
105188	NW_020109829.1	0	10000	0.04	2.97	6.46664039541927
105202	NW_020109834.1	0	10000	1.1	2.22	1.26537742744395
105206	NW_020109835.1	10000	20000	1.04	1.9	1.12173716480836
105213	NW_020109837.1	0	10000	0.05	18.74	8.80229841739033
105214	NW_020109837.1	10000	20000	0.04	17.58	9.0320406297619
105215	NW_020109837.1	20000	30000	0.05	16.49	8.6177688631686
105216	NW_020109837.1	30000	30439	0	0.79	Inf
105242	NW_020109845.1	0	246	0	1.37	Inf
105244	NW_020109847.1	0	345	0	0.17	Inf
105245	NW_020109848.1	0	342	0.09	0.19	1.33032378661977
105255	NW_020109858.1	0	791	0	5.39	Inf
105297	NW_020109900.1	0	2568	3.59	7.14	1.24426150482455
105299	NW_020109902.1	0	2610	2.62	6.93	1.65560981521826
105314	NW_020109917.1	0	3531	1.27	2.19	1.03842364744751
105321	NW_020109924.1	0	3660	0.44	2.44	2.72362699354409
105324	NW_020109927.1	0	3973	0.08	46.33	9.43005224165177
105325	NW_020109928.1	0	3863	0	21.29	Inf
105354	NW_020109957.1	0	5791	1.73	4.61	1.66631598741111
105370	NW_020109973.1	0	6698	0.55	1.04	1.17140127923493
105379	NW_020109982.1	0	6885	0.11	30.65	8.37456101455935
105387	NW_020109990.1	0	7655	0.17	51.82	8.50415173354826
105391	NW_020109994.1	0	8025	0	24.62	Inf
105392	NW_020109995.1	0	8118	1.62	3.84	1.49743377245503
105400	NW_020110003.1	0	8516	2.61	864.82	8.62452754511001
105411	NW_020110014.1	0	8915	3.95	7.22	1.12246745844121
105412	NW_020110015.1	0	9118	0.02	23.31	10.4390545637474
105418	NW_020110021.1	0	9617	0.09	65.71	9.76429349996242
105421	NW_020110024.1	0	9619	1.78	3.35	1.16460512899724
105422	NW_020110025.1	0	9858	0.01	8.13	9.91943281669353
105424	NW_020110027.1	0	9935	0.08	29.18	8.76308544253639
105428	NW_020110030.1	0	10000	0.04	24.83	9.53018982079534
105430	NW_020110031.1	0	10000	0.02	20.67	10.2656439480439
105431	NW_020110031.1	10000	10371	0	0.28	Inf
105432	NW_020110032.1	0	10000	0.11	42.58	8.8488498904335
105433	NW_020110032.1	10000	10066	0	0.02	Inf
105436	NW_020110034.1	0	10000	0.04	9.12	8.08521128878324
105437	NW_020110034.1	10000	10473	0	7.36	Inf
105439	NW_020110035.1	10000	10984	4	13.25	1.9802417291817
105442	NW_020110037.1	0	10000	2.14	548.98	8.25532025884354
105443	NW_020110037.1	10000	11066	2.99	976.98	8.60436100869764
105446	NW_020110039.1	0	10000	0.05	44.37	10.0457620175514
105447	NW_020110039.1	10000	11212	0	4.55	Inf
105451	NW_020110041.1	10000	11376	5.68	9.76	1.0333114926767
105456	NW_020110044.1	0	10000	2.32	4.31	1.14588433858003
105458	NW_020110045.1	0	10000	0.01	5.92	9.46177464024745
105459	NW_020110045.1	10000	11891	0	23.58	Inf
105464	NW_020110048.1	0	10000	0	5.43	Inf
105465	NW_020110048.1	10000	11970	0.01	29.91	11.7987334697379
105467	NW_020110049.1	10000	12125	0.29	1.2	2.30123087509945
105473	NW_020110052.1	10000	12129	0.38	0.84	1.39671118395367
105474	NW_020110053.1	0	10000	0.5	277.69	9.36965268904666
105475	NW_020110053.1	10000	12430	0.27	111.95	8.94800068019499
105476	NW_020110054.1	0	10000	0.05	11.98	8.15680537251992
105477	NW_020110054.1	10000	12389	0.04	26.96	9.64892605580036
105494	NW_020110063.1	0	10000	0.44	0.82	1.15044166059929
105499	NW_020110065.1	10000	13513	1.62	3.06	1.16985911442653
105505	NW_020110068.1	10000	13599	0.34	0.71	1.31460555287284
105509	NW_020110070.1	10000	13793	0.35	1.42	2.27278537717822
105513	NW_020110072.1	10000	13913	0.61	1.48	1.53103730268456
105522	NW_020110077.1	0	10000	0.13	58.89	9.07568851466474
105523	NW_020110077.1	10000	14604	0.13	49.46	8.82392808086735
105528	NW_020110080.1	0	10000	0.06	42.54	9.72196309185802
105529	NW_020110080.1	10000	14613	0.3	40.01	7.31157559235558
105538	NW_020110085.1	0	10000	1.24	2.74	1.39615704719215
105540	NW_020110086.1	0	10000	2.05	5.82	1.75771651802134
105548	NW_020110090.1	0	10000	10.37	754.92	6.43815724334418
105549	NW_020110090.1	10000	15492	2.52	1119.93	9.04809038658034
105556	NW_020110094.1	0	10000	0.55	33.12	6.16444851859317
105557	NW_020110094.1	10000	15929	0.03	30.97	10.264014441572
105558	NW_020110095.1	0	10000	0.05	37.64	9.80844409245968
105559	NW_020110095.1	10000	16129	0.07	61.61	10.0339151728756
105566	NW_020110099.1	0	10000	0.95	1.68	1.07478308906631
105567	NW_020110099.1	10000	16464	3.49	6.25	1.0929504279583
105587	NW_020110109.1	10000	18705	3.04	5.2	1.02676157420337
105590	NW_020110111.1	0	10000	0.21	29.29	7.37619632971911
105591	NW_020110111.1	10000	19095	0.03	17.37	9.42974081260774
105596	NW_020110114.1	0	10000	1.12	2.12	1.1728868071241
105616	NW_020110121.1	0	10000	1.16	2.61	1.42224627606081
105619	NW_020110122.1	0	10000	1.06	1.9	1.09425642838625
105625	NW_020110124.1	0	10000	0.01	21.45	11.3190832070054
105626	NW_020110124.1	10000	20000	0.08	32.56	8.92120625888475
105627	NW_020110124.1	20000	21677	0.15	47.36	8.55488404463893
105628	NW_020110125.1	0	10000	1.24	2.23	1.09902486415193
105629	NW_020110125.1	10000	20000	1.41	2.42	1.0316331594943
105630	NW_020110125.1	20000	22379	0.23	0.43	1.15502407326359
105634	NW_020110127.1	0	10000	1.03	1.83	1.08152058571932
105643	NW_020110130.1	0	10000	0.67	314.48	9.12691273258482
105644	NW_020110130.1	10000	20000	0.4	189.34	9.13908478651622
105645	NW_020110130.1	20000	22641	0	1.86	Inf
105657	NW_020110134.1	20000	23766	1.52	2.66	1.0596761966761
105667	NW_020110138.1	0	10000	0.26	98.31	8.81500401474132
105668	NW_020110138.1	10000	20000	0.09	52.42	9.43829791150461
105669	NW_020110138.1	20000	24712	0.15	30.74	7.93133212870075
105691	NW_020110146.1	0	10000	1.27	3.19	1.5810492016112
105697	NW_020110148.1	0	10000	0.08	27.04	8.65320071090068
105698	NW_020110148.1	10000	20000	0.07	31.48	9.06518617806838
105699	NW_020110148.1	20000	30000	0	25.71	Inf
105700	NW_020110148.1	30000	34471	0.05	9.42	7.80997642934392
105706	NW_020110150.1	10000	20000	0.93	2.45	1.64980040251304
105710	NW_020110151.1	0	10000	0.06	13.53	8.06930489787388
105711	NW_020110151.1	10000	20000	0.11	37.28	8.65707580063548
105712	NW_020110151.1	20000	30000	0.03	25.31	9.97285056600803
105713	NW_020110151.1	30000	39545	0.01	20.24	11.2353148493128
105812	NW_020110158.1	90000	100000	0.58	0.98	1.00905012360614
105817	NW_020110159.1	120000	130000	0.94	2.59	1.71454071062742
105820	NW_020110159.1	150000	160000	0.83	1.99	1.51390646381522
105822	NW_020110159.1	170000	180000	2.58	10.32	2.2523212746185
105823	NW_020110159.1	180000	190000	2.7	6.53	1.5264448591141
105863	NW_020110160.1	360000	370000	2.47	5.53	1.41508971326853
105872	NW_020110160.1	440000	450000	3.06	5.78	1.16985911442653
105881	NW_020110160.1	520000	530000	2.17	4.69	1.3642141546894
105882	NW_020110160.1	530000	540000	1.83	4.26	1.4713310565603
105888	NW_020110160.1	590000	600000	1.97	5.07	1.61611139216546
106083	NW_020110162.1	900000	910000	0.35	0.59	1.00568130703538
106122	NW_020110163.1	350000	360000	2.76	8.85	1.93333046281069
106124	NW_020110163.1	370000	380000	1.64	3.18	1.20765222528477
106129	NW_020110163.1	410000	420000	4.94	9.8	1.24059198203639
106130	NW_020110163.1	420000	430000	2.75	4.65	1.01012037220187
106133	NW_020110163.1	450000	460000	4.11	8.34	1.27323026438148
106137	NW_020110163.1	490000	500000	2.51	5.25	1.31695133322121
106141	NW_020110163.1	520000	530000	0.74	1.31	1.076290910527
106142	NW_020110163.1	530000	540000	0.81	2.38	1.80728903504182
106145	NW_020110163.1	560000	570000	1.14	3.06	1.67681910314641
106148	NW_020110163.1	590000	600000	1.95	4.18	1.35235009294977
106156	NW_020110163.1	660000	670000	0.36	1.1	1.86375598670085
106157	NW_020110163.1	670000	680000	1.29	11.43	3.39970370740972
106168	NW_020110163.1	770000	780000	0.82	1.69	1.2956487062826
106169	NW_020110163.1	780000	790000	0.77	3.35	2.37355201926873
106173	NW_020110163.1	810000	820000	1.75	3.56	1.27684359375257
106181	NW_020110163.1	890000	900000	1.07	2.04	1.18327963018885
106183	NW_020110163.1	900000	900507	0.6	2.19	2.12021773861116
106221	NW_020110164.1	1310000	1320000	0.07	0.15	1.35185694816941
106246	NW_020110164.1	1540000	1550000	4.75	12.83	1.68584302648987
106247	NW_020110164.1	1550000	1560000	8.21	40.27	2.54657261978645
106248	NW_020110164.1	1560000	1570000	3.29	114.32	5.37116770197908
106293	NW_020110164.1	1970000	1980000	0.05	13.68	8.34824569461704
106294	NW_020110164.1	1980000	1990000	0.01	3.46	8.68694950225522
106295	NW_020110164.1	1990000	2000000	0.03	7.83	8.28022727118839
106308	NW_020110164.1	30000	40000	0.18	0.33	1.12679039253464
106327	NW_020110164.1	470000	480000	0.17	0.31	1.11905474375504
106330	NW_020110164.1	50000	60000	0.11	0.39	2.07829187484345
106357	NW_020110164.1	740000	750000	0.17	0.38	1.41278594681175
106360	NW_020110164.1	770000	780000	0.24	0.51	1.33978411586884
106526	NW_020110165.1	480000	490000	5.79	10.19	1.06784007279508
106586	NW_020110167.1	100000	110000	2.15	4.28	1.24559541143019
106683	NW_020110167.1	1880000	1890000	5.63	11.36	1.26507728204295
106739	NW_020110167.1	560000	570000	2.74	1067.9	8.85870622299038
106740	NW_020110167.1	570000	580000	2.02	826.44	8.92873225427967
106741	NW_020110167.1	580000	590000	2.04	902.58	9.04166312285355
106742	NW_020110167.1	590000	600000	2.19	797.26	8.76029688282347
106776	NW_020110167.1	90000	100000	5.75	10.42	1.11004269106527
106781	NW_020110167.1	940000	950000	2.34	4.22	1.10305574374228
